"","total_confirmed_deaths_due_to_covid_19_per_million_people","share_of_people_who_disagree_vaccines_are_important_for_children_to_have","share_of_people_who_agree_vaccines_are_safe","share_of_people_who_disagree_vaccines_are_safe","share_of_people_who_agree_vaccines_are_effective","share_of_people_who_disagree_vaccines_are_effective","share_of_people_who_agree_vaccines_are_important_for_children_to_have","all_causes_disability_adjusted_life_years_who_2015","share_of_population_covered_by_health_insurance_ilo_2014","current_health_expenditure_per_capita_ppp_current_international","health_expenditure_per_capita_ppp_world_bank_2016","haq_index_ihme_2017","beds_in_for_profit_privately_owned_hospitals_per_1_000_population_oecd","beds_in_not_for_profit_privately_owned_hospitals_per_1_000_population_oecd","beds_in_publicly_owned_hospitals_per_1_000_population_oecd","acute_care_beds_per_1_000_population_oecd","dentists_per_100_000_population_oecd","for_profit_privately_owned_hospitals_per_million_population_oecd","general_hospitals_per_million_population_oecd","hospitals_per_million_population_oecd","long_term_care_beds_per_1_000_population_oecd","long_term_care_beds_per_1_000_population_aged_65_oecd","midwives_per_1_000_live_births_oecd","not_for_profit_privately_owned_hospitals_per_million_population_oecd","nurses_per_1_000_population_oecd","physicians_per_1_000_population_oecd","psychiatric_care_beds_per_1_000_population_oecd","psychiatrists_per_1_000_population_oecd","publicly_owned_hospitals_per_million_population_oecd","surgical_specialists_per_1_000_population_oecd","hospital_beds_per_1_000_population_oecd","years_lived_with_disability_ihme","public_expenditure_on_health_per_capita_in_developing_countries_ppp_world_bank_wdi_2017","out_of_pocket_expenditure_per_capita_on_healthcare_ppp_usd_who_global_health_expenditure","public_expenditure_on_health_percent_gdp_owid_extrapolated_series","total_gross_official_disbursements_for_medical_research_and_basic_heath_sectors","bcg_immunization_coverage_among_1_year_olds_who_2017","hepatitis_b_hep_b3_immunization_coverage_among_1_year_olds_who_2017","dtp3_immunization_coverage_among_1_year_olds_who_2017","polio_pol3_immunization_coverage_among_1_year_olds_who_2017","measles_mcv_immunization_coverage_among_1_year_olds_who_2017","number_of_confirmed_tetanus_cases_who_2017","number_confirmed_polio_cases_who_2017","number_of_confirmed_pertussis_cases_who_2017","number_of_confirmed_measles_cases_who_2017","number_of_confirmed_diphtheria_cases_who_2017","estimated_deaths_due_to_tuberculosis_per_100_000_population_excluding_hiv_who_2017","estimated_number_of_deaths_due_to_tuberculosis_excluding_hiv_who_2017"
"1",39.277,2.09669366,94.23702014,4.470985575,95.97216632,1.831128534,97.55130501,68970,13.656,183.9278576,161.2170073,32.5,0.773,0.323,3.9545,3.5114,1.1055,14.4578,26.9061,39.0432,0.7735,3.9402,85.9543,1.2818,13.2584,5.0196,0.5493,0.1113,18.3818,0.596,1.6685,8.46,56.9698437,144.16689,2.93283372,1.6701e+11,86,78,78,77,68,74,28,432,1154,0,37,12000
"2",169.226,1.670224002,63.8383973,15.84816122,73.89177299,8.965412329,96.60526854,29903,23.6,773.6782919,539.28,78.2,0.5418,0.246,4.4291,3.7429,1.1487,8.3757,15.4261,25.595,0.766499999999999,4.0482,79.4424,1.8834,13.464,5.3287,0.793,0.158,14.9313,0.7414,4.4598,9.83,332.0318551,440.42001,2.93637328,2.01e+09,99,98,98,98,98,0,0,6,0,0,0.4,10
"3",44.035,3.702127351,63.02047699,11.27569803,64.46481095,7.702427731,83.81193234,34790,85.2,1031.16964,778.08,63.7,0.5965,0.112,4.6939,4.0454,1.1736,8.76470000000001,17.5899,27.9935,0.846899999999999,4.2775,61.6145,0.8198,11.4926,4.7241,0.7468,0.1403,16.6008,0.6869,4.8531,11.34,748.739616,289.74506,5.24414553,3e+08,99,95,95,95,95,0,0,0,63,0,8.2,3200
"4",931.858,3.2242398691,73.2090980549,11.50910311515,84.50565391,4.28796023168,91.1851414383,19172.48,95.778,5948.635486,3338.03,94.6,0.5911,1.0487,2.2733,3.1774,1.0893,6.7312,13.2067,21.0797,0.1428,0.961,122.4818,5.93439999999999,17.7596,5.4276,0.6835,0.2648,12.8025,0.6616,3.5735,11.33,867.302365443999,2164.9558,6.341446,24736800000,64.83,94,97,97,96,0,0,16,0,0,0.5,0
"5",8.215,2.85511135542,81.8347204953,10.62610697701,82.2433542709,9.08308668568,94.898402649,93709,0,195.5144172,355.43,40.7,0.7638,0.316,4.1842,3.9824,1.1124,11.7333,24.9376,34.8577,0.809,3.7947,73.3847,1.4242,12.2298,4.9701,0.7683,0.1204,18.7573,0.5778,2.1596,8.34,155.7003803,65.277954,2.1249122,4.999e+10,79,64,64,70,55,305,0,0,118,20,45,11000
"6",30.635,2.36949431022,73.3471467373,11.06930897734,80.3510662939,6.41146966108,92.9101232635,28998.89,51.1,1105.111025,1020.92,66.7,0.6117,0.1395,3.9499,3.5449,1.1402,8.8422,17.1063,26.0053,0.6977,3.598,86.8309,1.2749,12.6841,5.2603,0.6971,0.136,15.7194,0.6899,3.3528,9.83,574.988313851,268.01904,3.78461068,2.6e+08,96.58,99,99,86,98,0,0,0,0,0,1.3,1
"7",657.805,1.212598334,87.67938959,4.845372479,89.458929,2.94700941,97.70317207,26808,96.8,1389.840341,1724.62,68.4,0.7299,0.1254,2.9236,2.5344,1.1469,12.7897,20.5068,30.6126,0.7208,3.8772,96.0772,0.8555,12.196,4.7549,0.2876,0.1048,13.4885,0.583499999999999,2.3162,9.48,527.3702476,245.00212,2.6526738,8.1e+08,99,94,94,93,89,10,0,975,0,0,1.6,700
"8",419.474,12.17313418,42.01642181,20.57026165,55.14177206,12.46881996,73.0720456,35083,100,883.2206519,351.38,67.5,0.6014,0.3025,4.7745,3.9489,1.1892,10.6742,16.3356,31.0906,0.752799999999999,3.925,54.495,1.3591,10.4116,5.2192,0.8085,0.1617,17.9024,0.8174,4.7096,9.38,156.3188116,720.97192,1.92567567,5.41e+09,99,94,94,96,97,0,0,27,33,0,3,92
"9",35.49,3.276187107,83.3296256,6.906214946,90.24709053,4.085789756,91.96825373,17696,100,4491.629858,4191.09,89.8,0.72,0.56,2.55,2.9077,0.69,22.45,38.77,55.89,0.4751,2.31,103.67,4.71,15.25,4.49,0.42,0.17,28.73,0.65,3.84,10.99,704.3369285792,838.4942,6.31659265,165747900000,82.12,93,93,93,91,3,0,22508,74,2,0.2,44
"10",111.698,11.78723186,54.85924061,21.05363097,68.44639721,11.29640511,74.59779065,19763,99.3,5138.184731,4884.62,88.2,1.01,1.22,5.14,5.45,1.0877,9.66,13.19,30.8,0.66,3.59,27.58,4.43,15.3276,5.1946,0.61,0.19,16.71,1.03,7.37,10.6,799.146345218,920.96967,8.72502572,33020200000,90,98,98,98,96,0,0,579,309,0,0.9,78
"11",67.856,8.316148363,63.39330829,11.22187567,69.48001549,8.419121388,77.36031886,33879,2.9,1191.289459,956.65,64.5,0.6654,0.2617,4.9979,3.8915,1.1769,10.0718,15.8644,28.5582,0.832799999999999,3.8419,61.5316,1.6848,11.6204,5.2045,0.8216,0.1485,16.7517,0.7777,4.9075,8.63,216.7441116,936.67621,1.23096748,5.29e+09,98,96,96,98,98,8,0,0,0,0,0.4,38
"12",335.666,2.44901450613,72.0738666202,11.62678168242,80.0647283777,6.37154785198,92.5986004929,30459,100,1699.052483,1688.21,67.88,0.4485,0.0968,4.1536,3.5057,1.1571,7.5601,15.3757,24.8794,0.6075,3.2952,87.158,1.1367,12.9235,5.2527,0.7147,0.1551,15.4349,0.7161,3.5251,8.98,747.103654931,471.66946,3.5506727,933300000,96.06,95,95,95,94,0,0,0,0,0,0.5,2
"13",185.709,4.4336299071,66.9738681237,10.50991558509,74.724687065,6.05191816997,86.1610904901,25533,100,2453.155914,1900.21,79,0.3499,0.2286,4.4255,3.8397,1.139,4.9098,12.8591,21.0519,0.6668,3.7361,65.1827,1.9554,13.3439,4.8978,0.7276,0.168,14.4946,0.7419,4.8189,11.41,872.741503309999,615.72601,3.1505003,2200600000,96.27,98,98,98,99,0,0,0,0,0,0.4,6
"14",35.449,0.396651362,97.90823204,0.908196083,97.81296397,0.44854416,98.81794736,38814,1.4,88.03535581,95.33,51.7,0.8089,0.3126,4.3981,4.0403,1.0913,13.6217,30.3001,40.6241,0.8806,4.2062,90.4947,1.3797,13.7899,5.1014,0.7216,0.1192,19.275,0.6677,3.5747,9.85,24.68329715,63.223766,0.78653251,2.2242e+11,98,94,94,94,88,559,0,11,240,6,45,73000
"15",24.359,2.59202105932,72.1568919509999,10.82705705083,79.1571236525,6.00490683933,92.6264065002,26768,100,1233.55044,1060.23,66.8,0.4662,0.1125,3.8906,3.6249,1.1489,8.0081,15.3903,24.6144,0.6347,3.6423,83.6221,1.411,12.915,5.3075,0.7151,0.164,15.6049,0.7373,3.7155,9.7,758.901626292,557.15704,4.74463222,1e+07,97.31,97,97,97,96,0,0,0,0,0,0.3,1
"16",102.124,7.597193224,36.31982502,14.77494701,45.85111337,9.833909612,61.43409509,33783,100,1084.619757,1081.39,74.4,0.721499999999999,0.3123,5.249,4.5174,1.1615,10.1801,19.6201,32.6201,1.1586,5.169,58.2407,1.8645,10.0203,4.9974,0.919,0.1309,18.026,0.7715,6.7684,9.51,684.3948314,374.66376,3.74175525,1.24e+09,97,99,99,99,99,0,0,503,2,0,4.8,450
"17",942.309,4.700652608,62.71028788,20.63709549,82.61066723,5.335010636,88.75936965,19878,99,4782.361046,4526.08,87.9,0.8794,4.18,1.46,4.98,1.06,9.45240000000001,10,15.27,0.1,0.55,103.74,11.76,18.47,5.84,1.36,0.17,3.51,0.6,5.64,10.8,870.723802651,840.12659,8.24998947,39695700000,66.45,98,99,99,96,0,0,1203,47,2,0.5,54
"18",128.263,2.35477484682,74.0603756278,12.20925875032,81.1753480632,6.9363699645,93.9829592384,31420,25,523.7288925,458.24,58.3,0.5014,0.1197,4.2596,3.5098,1.1846,8.2901,16.8298,26.6801,0.7055,3.73,91.9643,0.7279,12.4524,5.3101,0.6079,0.1482,16.4017,0.6858,2.912,8.79,329.2105159,118.64302,3.87965784,3.19e+09,98,94,94,94,96,0,0,0,0,0,2.4,9
"19",3.382,1.794186452,81.80269816,14.01966423,88.56086681,6.608683731,97.636836,65706,9,84.46045434,81.66,43,0.6455,0.2036,4.0427,3.5579,1.1682,11.3695,20.5261,32.2768,0.6825,3.267,91.8106,0.9417,13.3559,5.1822,0.6481,0.1135,17.8596,0.6374,2.2546,8.48,46.05884089,34.203602,2.25119628,4.702e+10,89,79,79,79,75,7,0,0,55,0,9.5,1000
"20",112.67975,2.6560748368,73.0214450526,10.58384956173,77.855163748,7.39322066492,92.7237323479,44059,90,287.1286279,275.5,52.7,0.5924,0.1503,4.5528,3.9171,1.168,8.7167,17.0903,27.3745,0.7212,4.1666,75.2731,1.3775,12.5857,5.1482,0.7334,0.1369,15.8907,0.6986,4.0509,10.61,205.9553146,56.835384,2.61503965,4.03e+09,99,99,99,98,97,0,0,12,11,0,16,120
"21",742.909,1.777991454,74.19606176,13.10435207,79.09922514,8.654473793,96.10942464,44087,42.7,445.8226242,371.76,59.2,0.652,0.2915,4.3132,3.7642,1.1259,9.30850000000001,17.5496,27.6782,0.8501,4.2569,78.3798,1.7135,12.4226,5.2557,0.7207,0.1331,15.5204,0.6965,3.5323,9.24,304.1820414,115.56576,4.56537754,2.114e+10,99,99,99,99,99,0,0,11,0,0,3.2,340
"22",336.502,5.866728907,70.28352917,8.300703246,76.4682,6.200150659,84.86382014,24000,59.2,1101.792914,928.45,78.2,0.5686,0.2551,3.4458,3.3505,1.1225,8.8725,17.0891,28.6339,0.6601,3.7368,56.3523,1.1326,10.6012,5.1048,0.6004,0.1591,15.2994,0.7312,3.229,10.25,713.5143154,315.49902,6.81307708,5.03e+09,95,82,82,74,83,0,0,12,1677,0,3,120
"23",8.93,3.825546888,79.41785942,9.001017043,85.24354003,4.075795082,94.1695158,61513,40.401,969.9563729,851.08,51.1,0.6384,0.1329,4.293,3.8838,1.1577,9.22330000000001,18.5952,30.005,0.7162,4.2449,84.1925,0.5773,12.1114,5.2937,0.6925,0.1208,16.6821,0.6545,2.9997,8.63,511.400578,51.02795,3.19388446,3.52e+09,98,95,95,96,97,0,0,0,0,0,26,590
"24",743.068,0.504578666,79.9810372,9.042356185,80.66170174,6.681065927,97.41521343,31632,100,1391.52257,1453.9,64.9,0.782,0.2851,4.166,3.8036,1.1171,11.2187,22.0047,32.1259,0.9173,4.2773,66.5822,1.8243,11.2649,4.7202,0.6654,0.1054,15.7993,0.6183,2.3,9.76,612.0097642,393.65927,3.83175989,2.44e+09,99,96,96,98,99,273,0,2920,214,12,2.7,5500
"25",6.857,4.51785121775,63.6805442414,10.55898933543,69.6544826311,6.71190438033,80.106960655,22941,100,2083.430502,1811.61,70,0.6427,0.2795,4.637,4.0609,1.1669,9.0269,15.8487,27.9393,0.849299999999999,4.247,63.4155,1.5342,11.6029,5.0159,0.8915,0.1583,15.6923,0.8166,5.4781,9.4,625.368598176,125.25507,2.48556787,3310700000,99,99,99,99,96,0,0,5,4,0,5.3,23
"26",167.088,6.922498454,39.54659857,15.61304414,56.86154774,6.439258374,71.44014745,28771,87,1491.868089,1212.52,71.4,0.43,0.1405,4.9618,3.8657,1.2023,6.7692,17.1421,27.0324,0.821999999999999,3.9055,56.4952,1.225,10.3261,5.36,0.792,0.1685,17.9662,0.8245,4.9681,9.43,802.0088689,711.14771,4.60763146,4042200000,96,92,91,91,92,0,0,35,0,0,1.3,90
"27",3.205,2.869976837,68.02213453,20.75256443,83.90067419,8.622097794,94.20956408,70891,1,96.10067087,109.15,42.9,0.6133,0.2521,4.1961,3.782,1.115,11.0013,20.9115,35.1464,0.6905,3.4552,75.2887,1.1738,12.9858,5.157,0.7074,0.1334,18.3536,0.6383,2.6091,7.86,43.0720167,34.698746,2.59397374,1.0803e+11,98,91,91,91,88,0,0,0,99,0,9,1600
"28",0.084,0.661125647,87.51567521,6.529531228,91.08010345,3.48685783,98.39638064,80027,28.4,63.73553919,61.83,40.4,0.6708,0.1643,4.1514,3.6805,1.1884,11.8206,22.6906,32.056,0.7732,3.9352,104.7366,0.801,13.6063,5.1243,0.646,0.1192,18.5372,0.6207,2.3212,6.83,30.74485049,12.152169,3.97372756,4.981e+10,93,94,94,94,93,3,0,0,9,0,24,2700
"29",29.61866,0.472894487,87.60302809,7.541631375,94.29418476,2.041912161,98.9268855,40007,26.1,209.6168627,228.71,50.7,0.7434,0.2315,4.1126,3.5005,1.1382,12.9499,23.9007,33.874,0.7687,3.8871,103.5362,0.8261,14.1284,5.1898,0.5673,0.1166,18.6883,0.6098,1.8673,8.63,41.01956685,124.43549,1.25104201,7.057e+10,90,89,89,87,81,18,0,10,0,0,55,8600
"30",16.048,1.821170138,77.10495707,13.10581138,82.47290506,9.54639879,97.39968236,77369,2,162.8401984,138.43,44.4,0.6557,0.2938,4.1531,3.9966,1.1042,12.0761,24.7493,35.2784,0.7964,3.6404,71.4038,1.7628,13.1135,5.2234,0.7817,0.1278,18.0291,0.6518,2.2775,7.65,28.03674608,113.57147,0.93863369,9.525e+10,74,84,84,83,79,120,5,0,1809,0,30,6900
"31",264.982,5.370012878,76.43792009,8.322632874,82.25039568,5.802206573,87.49825141,18838,100,4600.088285,4759.31,87.6,0.02,0.7385,2.49,1.95,0.67,0.19,16.05,19.67,0.43,2.47,4.49,5.7026,11.6,2.93,0.34,0.18,19.48,0.43,2.5,10.66,863.142083421,670.91956,7.41193189,61069100000,61.67,55,91,91,90,4,0,3510,195,3,0.3,110
"32",169.068,2.50332334586,72.9788103034,11.79406408261,78.6395360998,7.90819123480999,93.8982747245,31195,31.473,310.4060324,279.14,61.7,0.5535,0.1371,4.2391,3.4911,1.186,8.90580000000001,17.4152,28.4669,0.6752,3.4446,73.8099,0.9459,12.4672,5.2346,0.6041,0.147,16.7275,0.6821,2.7484,9.41,230.3574551,71.923409,3.55722675,5511700000,94,93,93,93,92,0,0,0,0,0,5.3,27
"33",12.837,3.43152076471,77.7450355453,13.24885753216,79.666116776,11.76690353693,93.0262656105,97115,6,31.85577603,23.65,28.6,0.7025,0.2992,3.9932,3.8531,1.1062,11.3474,23.8526,34.1291,0.7846,3.5468,66.9459,1.5943,9.64020000000001,5.017,0.745000000000001,0.1197,17.1709,0.616,2.3171,6.51,12.25518172,12.615376,2.05694298,2.319e+10,74,47,47,47,49,96,0,379,150,0,45,2200
"34",5.844,4.344118015,81.13775922,10.0500689,84.99356568,7.10284335,93.12590799,94563,12.882,99.77119413,74.01,37.7,0.6877,0.3345,3.8649,3.8723,1.0802,11.5675,23.3024,35.1075,0.7816,3.68,63.4108,1.6103,10.3099,4.8461,0.708100000000001,0.1217,16.7491,0.584199999999999,2.1341,8.11,43.23409398,56.241741,1.97895016,2.234e+10,70,55,55,62,62,195,0,5898,418,0,23,3200
"35",733.723,3.98514653,74.19019875,11.37743281,77.73035681,6.457683704,88.91722899,21333,93.1,1903.118645,1677.6,76,0.55,0.5603,1.56,1.99,1.27,8.05,13.44,19.48,0,0.05,49.85,2.4466,2.99,2.62,0.1,0.1,11.43,0.45,2.11,10.42,875.472797513,613.57904,3.85130942,3.4e+08,93,97,96,96,96,8,0,734,9,0,2.6,470
"36",3.293,1.868376767,72.29322724,8.290823545,78.84430858,2.833015078,90.28046099,24811,96.9,762.2437789,645.63,74.2,0.9027,0.3584,4.2721,4.3674,1.0778,11.8603,23.0781,33.7093,0.9322,4.5574,60.3059,1.9759,9.98930000000001,4.692,0.8915,0.1193,17.0296,0.6343,4.34,8.51,415.9885654,246.86253,3.09517428,7.943e+10,99,99,99,99,99,426,0,6658,42361,0,2.6,35000
"37",600.693,0.582169118,81.94123131,10.70378513,81.89031228,7.951823432,98.87762287,27188,87.7,852.8121654,842.7,67.8,0.6087,0.1515,2.7037,2.6392,1.1323,11.0713,16.6447,29.3143,0.5647,3.1242,75.0808,0.8937,11.946,4.6064,0.273,0.1139,13.5646,0.5316,1.71,9.17,724.6120706,156.01645,5.40994315,4.45e+09,90,91,91,91,94,48,0,986,1,0,2.1,1000
"38",8.05,1.308382738,89.2524814,7.505970773,93.11858028,2.558275957,98.12308712,59673,26.878,121.0422012,89.74,47.7,0.573,0.1948,4.0728,3.4652,1.1836,13.0902,21.251,32.2009,0.6869,3.6327,99.3435,0.9377,14.6519,5.5204,0.6699,0.1332,17.8903,0.6708,1.8727,8.25,32.98878699,90.556938,2.21732035,2.28e+09,73,80,80,81,81,0,0,0,0,0,7.8,61
"39",16.672,2.207636832,75.14630293,17.50763411,91.48989263,3.431957516,96.17708656,70611,20.131,202.6585841,241.76,43.5,0.6943,0.2465,4.0535,3.6308,1.163,12.1789,22.1261,32.3621,0.7308,3.8179,91.8532,1.1105,12.4532,5.2667,0.6474,0.1211,17.8236,0.6331,2.4709,8.25,265.6838266,88.853043,4.21192085,9.32e+09,85,80,80,80,80,14,0,21,1359,0,49,2300
"40",260.889,1.037113384,86.36932242,5.810229365,86.75535083,5.342327278,97.91496029,23017,100,1286.462817,1369.03,72.9,0.4018,0.2081,2.724,2.6044,1.1204,7.0409,18.146,23.0752,0.5552,3.2178,95.483,1.6735,13.7093,5.1655,0.4056,0.139,14.0002,0.6946,1.13,9.82,1017.045124,276.40625,6.76760152,3.3e+08,83,92,92,92,93,1,0,20,0,0,1,49
"41",4.625,1.484182932,76.95228843,16.35067072,87.80202892,7.825140704,96.74763536,88856,1.2,189.6011903,171.77,42.4,0.6215,0.202,3.9955,3.6573,1.1589,11.5505,22.3074,33.0641,0.7457,3.5796,92.0313,1.0752,13.3246,5.1811,0.6759,0.123,18.3929,0.6283,2.2555,7.72,54.76612122,68.291847,1.67853849,5.166e+10,79,83,83,81,72,9,0,0,65,0,22,5000
"42",114.487,4.352767471,56.77457914,6.794648185,65.43009934,3.972600637,77.67208662,24063,97,1656.426156,1516.85,81.6,0.5097,0.1567,4.7159,3.9417,1.1468,5.6732,14.9479,24.0171,0.7422,3.9489,61.9351,1.1345,9.73130000000001,4.9216,0.7262,0.1582,15.7023,0.8265,5.3218,9.94,824.208236674,251.05083,6.38828759,8e+07,98,94,94,94,93,3,0,57,206,0,0.8,33
"43",11.301,4.48502983006,66.1651749168,11.3345881155,73.839722854,7.00100343809,84.4024301957,25180,100,1800.436614415,1828.43,73.5,0.4565,0.3817,4.64669999999999,3.9349,1.1976,5.9496,15.0939,24.237,0.820099999999999,3.9873,60.2417,2.8019,12.0484,5.1083,0.8694,0.1578,14.7302,0.8084,5.1272,9.73,938.715697659999,408.78333013,10.57366249,2.01e+09,99,96,99,99,99,1,0,0,0,0,0.4,47
"44",28.542,6.016327191,62.19919645,9.859631777,70.76774244,6.188590336,85.23998814,15789,65,2136.797759,2196.98,85.3,0.4852,0.3298,3.8782,3.7796,1.1098,6.111,17.2819,22.595,0.5854,3.2036,76.6782,2.558,12.8919,5.1669,0.7015,0.1737,14.794,0.824,4.833,10.28,943.525738398,937.77203,3.33201922,4.971e+09,92.6,97,97,97,90,0,0,2,0,0,0.1,1
"45",3.394,2.38597529799,85.6125655594,7.51882865334,79.547508073,11.9094412663,95.4634272175,92831,10,33.97361777,26.19,40.4,0.7272,0.4491,4.1485,4.1334,1.0824,13.9789,30.5134,41.3255,0.8652,3.9223,74.9964,1.9082,12.3032,5.0097,0.772,0.1259,18.7135,0.572,2.1146,8.45,11.97140719,12.715207,1.59835647,5.183e+11,74,81,81,78,79,330,0,0,5020,0,66,51000
"46",122.406,2.36310731,69.7737173,8.979714929,85.26314262,4.085631741,92.37400934,20451,100,5083.20928,4552.4,85.7,0.05,0.11,2.34,2.42,1.43,6.78120000000001,13.1603,23.6777,0.04,0.22,57.6,5.9702,18.23,6.22,0.47,0.19,14.2952,0.63,2.5,10.95,992.574252018999,697.55823,9.15873411,3821200000,72.45,83.96,93,93,91,1,0,962,9,1,0.4,20
"47",61.741,3.03949702755,74.0752217793,15.0607073161,80.080750085,9.5592387818,93.5838731572,64677,30,146.6987696,246.84,44.7,0.5733,0.1833,4.2438,3.5488,1.1774,9.31990000000001,18.4108,29.2766,0.6572,3.4965,71.835,1.2588,11.7874,5.1605,0.5764,0.1514,17.2016,0.7075,2.341,8.1,221.8761764,29.903355,6.75084759,6.23e+09,92,84,84,84,74,0,0,0,47,0,39,350
"48",122.71559,2.22694418778,73.7926973693,12.57680772103,77.9981895881,7.29897963274,93.7669908150999,34455.48,13.4,585.7253903,596.85,58.1,0.5847,0.1985,4.3126,3.6295,1.1566,8.4959,16.4161,26.2541,0.724699999999999,3.9819,83.6759,1.4951,12.9235,5.2837,0.7664,0.139,16.3385,0.6804,3.6214,8.86,414.2121935,166.41263,3.76797285,9e+07,98,98,98,98,96,1,0,0,0,0,4.7,3
"49",205.201,0.12714161,89.44088705,4.905058752,91.57457995,2.761394869,99.4468944,29597,26.5,873.1177009,631.39,62.5,0.6909,0.2042,3.6877,2.8591,1.1927,12.9636,20.8572,32.0979,0.6772,3.4836,97.2279,0.7289,13.0122,5.0801,0.4241,0.1156,15.037,0.548499999999999,1.9795,9.22,389.74611,381.37183,2.92737565,3.73e+09,99,81,85,87,90,37,0,69,0,1,4.6,490
"50",713.482,0.895799755,85.87054365,5.392728845,86.18514637,5.772119139,98.1566526,29357,22.8,980.2299724,788.92,61.2,0.6113,0.1876,2.7395,2.5022,1.1322,12.2252,19.496,32.404,0.5846,2.8543,97.4262,0.7393,12.7909,4.8654,0.2626,0.1157,14.3578,0.525699999999999,1.9059,9.63,518.7177101,428.47943,4.50815657,2.73e+09,88,78,78,84,84,49,0,7,0,0,3.1,490
"51",60.801,0.309066032,97.1536923,0.588238907,96.04877244,0.599805509,99.41408505,35784,51.1,495.1650809,539.13,61,0.7326,0.2348,4.2461,3.6763,1.1389,12.0599,20.0804,29.8964,0.6811,3.7986,90.8979,1.5334,14.6557,5.3162,0.5896,0.138,16.4438,0.7158,3.0547,10.09,228.1501341,306.79916,2.1553845,1.337e+10,96,93,93,93,92,8,0,0,5432,0,0.2,220
"52",148.315,0.827741254,77.96172392,11.38611622,82.106565,8.155796274,96.41792479,36007,21.6,578.4609406,539.19,64.4,0.6151,0.1629,4.0317,3.5868,1.1925,9.23900000000001,17.8416,28.4851,0.6996,3.2898,84.4139,0.9158,13.5094,5.1975,0.5773,0.1392,15.2151,0.6951,2.6853,8.99,373.1684974,161.16724,4.46950833,3.15e+09,96,91,91,92,95,6,0,0,0,0,1.9,120
"53",59.16,4.09767077719,73.3241812163,14.03896795834,78.4589304572,10.03666683689,90.7003641199,82201,55.814,789.5788502,1170.09,48.4,0.3873,0.3395,4.1851,3.3098,1.1362,7.5895,16.3048,25.0316,0.6055,3.22,68.4064,2.1015,11.5495,5.0434,0.5994,0.135,16.08,0.6697,2.5596,8.81,1326.115878,568.37732,2.93271044,8.8e+08,48,16,16,17,27,1,5,0,1250,0,7.5,63
"54",33.79159,3.21724927809,72.9444066277,16.29533223982,80.8767955592,9.11388377208,92.6146668069,57089,27.099,56.22672246,36.29,38.1,0.6795,0.1829,4.2484,3.6016,1.0985,10.1062,18.9071,30.5295,0.6709,3.2603,73.5577,1.2429,10.9797,4.9481,0.6097,0.1216,17.3158,0.6488,2.815,7.5,120.0989639006,29.448942,1.52746401,1.188e+10,97,95,95,95,85,7,0,31,198,2,12,600
"55",55.03,5.720150799,50.21347153,13.48992364,61.8998173,6.580439926,77.49983822,26242,92.9,1886.814387,1452.64,81.4,0.24,0.12,4.34,3.45,1.38,5.31,15.94,22.77,0.91,4.73,68.36,2.28,10.45,5.15,0.53,0.18,15.18,0.85,4.69,10.41,890.255706427,429.6655,5.0283959,2831400000,95,91,93,93,93,0,0,77,4,0,1.9,25
"56",112.29087,3.20897900049,79.9731275999,8.59689991784,81.3957200685,7.03982032741,93.1049972772,39814.54,71.917,425.633848834,499.0567884,55.908,0.7461,0.3002,4.1012,3.929,1.0905,10.9654,23.7884,34.1131,0.7775,3.9536,66.2477,1.3988,9.93500000000001,4.8016,0.6711,0.1158,17.6559,0.5816,2.195,8.96860000000001,169.6164569636,182.076247069,2.6994270191,51278100000,87.59,82.27,83.57,86.62,85.31,229.39,0.0499999999999993,636.83,1563.97,10.52,16.399,8810.13
"57",12.569,0.14044208,96.12753998,2.54309192,97.06544075,1.943768403,99.67081396,54964,23.407,65.60194586,68.53,44.2,0.8415,0.4583,3.9287,3.9022,1.0988,15.3219,27.7776,40.0737,0.7937,4.3221,82.3085,2.3477,13.4615,5.0032,0.7074,0.1208,18.3299,0.600899999999999,1.5798,7.72,43.22003541,24.804361,2.86756675,3.9209e+11,75,86,86,85,78,0,1,733,17745,125,26,25000
"58",2.231,2.5967887516,73.1934481703,13.16093312955,80.3135783046,7.90862830366,93.1956825698,39681,100,331.3576231,328.38,46.6,0.618,0.2609,4.5931,3.9129,1.1368,9.33100000000001,18.1267,28.8074,0.796199999999999,4.0359,77.4071,1.5438,13.2501,5.4613,0.882100000000001,0.1401,17.1302,0.734799999999999,3.8965,8.17,259.7041295,70.953873,2.95320811,1.428e+10,99,99,99,99,94,0,0,0,0,0,7.1,64
"59",63.891,1.680263603,72.84051343,7.991680632,83.40066361,4.230976916,93.88415206,19843,100,3996.436879,3604.12,89.6,0.15,0.4152,3.13,2.8,1.01,14.34,23.6,44.84,0.41,1.95,85.96,3.8516,19.69,3.84,0.39,0.24,30.5,0.56,3.28,11.21,745.1625834922,794.92712,7.28981427,118881100000,98,89.14,98,98,97,0,0,165,2,1,0.7,37
"60",544.493,9.758586958,47.03626005,33.29384552,67.9628897,18.27989793,76.15425916,19104,99.9,4542.307106,4333.58,87.9,1.45,0.84,3.68,3.09,0.9716,14.99,28.65,45.55,0.47,2.45,63.259,10.17,14.5718,4.9342,0.84,0.23,20.4,0.48,5.98,10.64,715.4156398011,308.73276,9.02451437,177656500000,78,83,98,98,91,10,0,36,157,14,0.8,520
"61",24.262,2.645818692,62.64785775,25.85800036,79.14494466,11.6396426,95.29926592,58498,57.6,480.8514802,734.68,51.4,0.6096,0.2867,4.2834,3.5568,1.198,9.81120000000001,18.9825,31.6658,0.6708,3.5408,73.8093,1.2567,12.9513,5.4279,0.6019,0.1583,17.6304,0.6508,3.0412,8.94,458.9874768,124.56293,2.35058092,3.29e+09,98,80,80,79,68,0,0,0,27,0,65,1100
"62",49.241,2.818174006,87.50210734,4.782896295,87.22423468,5.213783925,92.74473434,62697,99.9,114.0747188,98.78,49.7,0.6491,0.1178,4.3341,3.7878,1.1208,11.098,19.1872,29.7459,0.6907,3.7888,93.7421,0.7917,11.979,5.3202,0.5681,0.134,16.7737,0.7264,3.0326,9.07,82.67680977,23.163185,5.04561252,2.127e+10,98,97,97,96,97,0,0,0,71,0,20,400
"63",63.422,3.634566646,69.49966185,9.573974821,77.59259553,5.148996766,89.91528431,29323,25,717.7162423,696.99,62.1,0.5178,0.1151,4.2239,3.4554,1.1435,9.22190000000001,16.8963,29.7165,0.6328,3.2968,58.1839,0.7845,9.19570000000001,5.0228,0.6226,0.138,17.5727,0.6728,3.0882,8.9,143.1046901,411.42606,1.55273054,3.98e+09,96,94,94,91,96,4,0,176,431,1,3.9,160
"64",121.539,4.291943979,67.15740011,12.87886921,83.00843987,3.21214016,88.76598762,19224,100,5356.811177,4811.82,86.4,2.43,2.31,3.26,6.02,1.18,16.08,19.26,37.31,0,0,65.8142,11.74,16.0197,6.1,1.28,0.27,9.5,1.18,8,10.7,786.34495746,671.1239,8.69723732,98795700000,63.17,88,96,95,97,8,0,9000,2464,14,0.4,320
"65",10.17,2.763845301,87.18449314,3.492985667,88.1140543,5.966645583,95.39723777,58375,73.9,249.328504,214.25,49.7,0.6718,0.2706,4.1608,3.7064,1.1041,14.3567,27.9833,40.0802,0.8096,4.0629,90.2762,1.0549,12.2929,4.9801,0.6762,0.1214,18.9775,0.609599999999999,1.9378,8.08,87.32533546,90.020622,2.12888509,1.4816e+11,97,88,88,88,89,0,0,21,23,0,37,10000
"66",56.893,1.679683227,78.51626394,3.587050176,84.70523902,2.464642189,94.14578654,19627,100,2204.354384,2512.67,87,1.38,0.08,2.74,3.6,1.23,13.67,16.18,25.76,0.57,2.66,78.2086,0.46,14.7148,6.07,0.74,0.25,11.62,1.32,4.21,10.34,727.870778676,781.69025,4.98503919,12801500000,50,96,99,99,97,6,0,17,1,0,0.8,92
"67",116.35388,2.17170294893,72.7821605676,12.54493175103,79.2551521324,7.14295201853,93.1140509498,34467.99,7.4,677.4662958,728.8,58.3,0.5533,0.2088,4.3189,3.5549,1.1544,8.79110000000001,16.6674,28.3178,0.766799999999999,4.1993,83.0402,1.4057,12.9788,5.3166,0.6737,0.1421,16.6135,0.6645,3.2504,8.87,358.6275771,386.43213,2.82735742,2e+07,97.76,92,92,99,99,0,0,0,0,0,1,1
"68",204.571,0.842762166,87.26356488,7.285190797,86.70960649,7.372393618,97.91416321,37079,30,443.9018463,466.59,55.7,0.5544,0.1683,4.0663,3.0199,1.1589,11.4241,19.615,31.507,0.758,3.8576,94.1446,0.7749,12.9374,5.2447,0.4717,0.1287,16.8101,0.626,1.9135,8.89,174.7741773,247.54504,2.33472902,4.64e+10,89,74,74,90,99,0,0,83,0,1,2,320
"69",5.406,3.588067094,78.28265399,14.05135618,86.72317424,7.321238014,91.28956166,72518,0.2,57.19135929,58.92,38.6,0.6542,0.3241,4.0048,3.7234,1.0572,12.6162,25.1111,39.0123,0.7812,3.4826,90.5473,1.5805,11.8123,4.8671,0.6612,0.1196,17.7478,0.5733,2.3761,7.76,33.5831067,31.166372,2.73624478,1.3984e+11,72,51,51,42,52,75,0,0,243,0,28,3600
"70",20.833,2.70212493922,75.5318350836,16.74087200525,79.0624686007,13.54849225494,94.7108249131,83441,1.6,100.2957262,78.51,36.3,0.6219,0.3157,4.0779,3.6937,1.1361,10.7389,19.0942,32.0455,0.6787,3.449,72.2021,1.609,12.2473,5.0632,0.6725,0.1254,17.4478,0.612,2.3067,7.37,16.12130603,37.274281,1.14512231,1.847e+10,94,80,80,78,69,0,0,0,153,0,85,1600
"71",151.292,2.51396017199,74.0537452807,12.5514050325,81.3512029817,7.36703493369,94.0291197352,55470,23.8,336.1484296,425.81,49.8,0.5552,0.1311,4.4966,3.5706,1.1629,9.09200000000001,17.7431,28.5488,0.796599999999999,4.0128,80.4918,1.0248,12.6549,5.2994,0.6093,0.1355,16.3918,0.6772,2.9435,8.57,226.3245947,136.16254,3.11969809,1.79e+09,99,95,95,92,99,0,0,0,0,0,14,110
"72",20.346,1.717215017,71.62930719,20.39307286,84.26116016,10.22286769,97.9966925,61717,3.1,120.1457421,160.45,38.5,0.7175,0.3522,4.0466,3.6693,1.1465,10.9918,22.3979,33.7376,0.7593,3.4347,76.9957,1.5353,13.5452,5.1307,0.7209,0.1348,18.7943,0.6155,2.2937,8.07,27.15050735,43.579815,1.55951642,5.685e+10,81,60,60,56,53,13,0,4,0,32,18,2000
"73",266.442,0.262917427,89.17671285,5.889666745,89.09822901,4.654412512,98.89187268,33106,12,353.3645701,400.36,53.9,0.6051,0.1704,3.7246,2.9286,1.1651,12.3863,20.5496,31.5452,0.6973,3.3032,95.2213,0.8401,13.8487,5.1846,0.488,0.1294,16.286,0.6184,2.0219,8.4,217.9336469,173.59322,4.41783425,3.594e+10,88,85,85,85,87,17,0,30,0,0,1.1,85
"74",163.348,1.274012043,76.69854953,2.632851949,78.28436887,1.346355494,90.43864089,28707,100,1912.069053,1839.01,79.6,0.02,0.21,6.96,4.27,1,1.2,14.64,16.86,1.22,6.54,62.57,2.91,11.8,5.68,0.87,0.15,13.24,0.68,7.02,9.92,849.016557856,555.2157,4.88308191,20110100000,99,96.76,99,99,99,2,0,6,0,0,0.8,76
"75",32.234,0.881542112,60.67672771,21.26700693,96.83309818,1.201608509,98.47210776,17257,100,4116.171894,3645.82,93.6,0,0,2.91,2.37,1.21,0,22.96,22.96,0.36,2.55,127.52,0,29.55,7.74,0.37,0.24,22.96,0.74,2.91,10.79,803.125748333,700.42822,7.17970594,49916800000,78.57,81.71,92,92,93,0,0,4,0,0,2.1,7
"76",86.963,1.352926787,95.44130778,1.995294987,94.76563158,1.797547144,97.56002443,47950,12.5,237.7234161,214.68,44.8,0.9141,0.5254,3.9645,3.9877,1.0696,15.814,30.0328,41.4546,0.834,4.1884,81.9559,2.6197,12.9041,4.8327,0.6319,0.1119,18.1355,0.580599999999999,0.53,9.66,79.92530276,154.66501,1.40723762,3.9127e+11,87,87,87,86,87,2268,0,25206,25488,2365,36,480000
"77",49.4,3.010707634,83.50510671,5.737725649,70.12477932,11.5503756,92.82274625,36015,59,369.2864404,293.3,49.2,0.8192,0.4367,4.0249,3.9613,1.0897,14.3327,25.9708,36.9679,0.8043,4.1117,67.0276,2.2549,9.77490000000001,4.6673,0.683300000000001,0.1173,18.3859,0.565299999999999,1.04,8.71,113.6514151,189.93916,1.0755363,9.857e+10,77,81,81,82,69,1032,0,2082,15099,430,40,1e+05
"78",396.45,1.716036984,68.51595655,9.154814714,85.58886417,2.58893329,93.89081137,30911,90,1261.730503,1414.5,71.1,0.8144,0.2797,4.2914,3.7112,1.1746,10.3177,17.6802,29.5104,0.7689,4.1023,94.7666,1.8936,13.3174,4.987,0.7401,0.1212,14.9241,0.6556,3.4419,11.15,493.9709191,500.40799,2.84080215,3.48e+09,99,98,98,98,99,11,0,145,615,28,1.7,1400
"79",266.617,2.939514949,89.96511468,4.446227372,90.54279908,3.872680777,96.17976188,38798,48.483,481.0398448,695.34876,60.1,0.7316,0.2308,3.5284,2.806,1.1334,12.224,21.29,32.6169,0.6554,3.8588,84.428,1.1752,11.834,4.6261,0.4072,0.1042,16.2266,0.544499999999999,2.11,10.17,509.6175443,367.85107,3.33814899,1.166e+10,95,56,58,63,57,6,2,529,1433,2,2.4,860
"80",382.762,3.935820977,73.4504724,9.355552291,85.90951591,4.325992719,90.76895159,19319,100,5334.947576,3867.12,88.4,0.3855,0.5846,2.361,2.77,0.67,3.95,11.65,17.89,0.15,1.15,291.99,4.5751,14.76,4.82,0.34,0.17,11.8449,0.47,2.96,10.7,902.553138815999,809.01556,5.14148408,16889200000,77,95,95,95,93,1,0,118,4,1,0.4,17
"81",286.868,0.88202389,75.58244767,4.820923171,83.58291107,2.141531672,89.80407838,17719,100,2819.111414,2355.13,85.5,0.37,0.59,2.03,2.19,1.31,2.48,5.07,9.58,0.53,4.57,14.65,2.93,7.41,4.37,0.4,0.16,4.17,0.61,2.99,10.7,904.382523419999,686.99359,4.75169581,34023300000,68,97,94,96,98,0,0,5338,80,0,0.2,16
"82",623.534,8.231379081,75.69166719,13.71469477,84.85658922,5.635365621,83.82051173,16957,100,3350.575515,3126.05,88.7,0.93,0.13,2.12,2.62,1.02,9.91,14.83,17.56,0.14,0.63,44.33,0.53,7.44,6.55,0.09,0.17,7.12,0.99,3.18,10.59,804.672054054,765.02649,6.99265103,16576500000,74.25,93,93,93,85,47,0,225,159,1,0.6,330
"83",66.19,2.14091130461,74.1213706519,11.84277662804,82.5389729667,6.61760888588,94.1086418465,32646,20.1,511.3773951,511.92,63.7,0.4858,0.1529,4.1646,3.3302,1.1523,9.22400000000001,17.4488,28.6417,0.7062,3.6438,87.4382,1.2876,13.1665,5.1223,0.5957,0.1431,17.088,0.6458,2.5845,9.55,244.9972796,121.21803,2.80857803,1.8e+08,99,91,91,91,91,1,0,0,0,0,0.2,7
"84",13.678,4.739243635,33.99302621,8.347281956,61.72242978,3.294160814,66.4583469,15700,100,4405.131829,3741.34,89,1.1001,0.996700000000001,3.55,7.79,0.976600000000001,12.9185,58.03,66.39,2.64,9.51,62.4727,6.0224,14.3325,4.9838,2.62,0.12,12.14,0.8224,13.05,10.78,733.8051647488,576.96307,8.55008168,1.32695e+11,84,91.8,96,99,96,120,0,2675,35,0,2.5,3200
"85",65.47,0.973810325,91.98920648,3.153373732,91.83455661,2.337959256,98.25293901,30626,75,568.122532,760.63,76.5,0.6663,0.2831,4.2874,3.8798,1.1463,10.7171,19.2211,26.6617,0.759,4.5261,101.8299,1.6907,16.1921,5.3324,0.7189,0.1541,16.6471,0.6971,3.9418,11.19,560.2797711,142.87909,5.19310195,3.763e+10,98,99,99,99,94,0,0,0,0,0,0.4,27
"86",118.285,3.718647336,45.71756253,10.3336845,55.25625108,4.869170903,75.85336513,42084,70,903.3240914,1023.48,61.1,0.6725,0.1993,5.136,4.308,1.1576,10.1373,16.9306,29.2789,0.900599999999999,4.198,57.5048,1.5324,9.7214,4.901,0.7806,0.121,17.973,0.7353,5.6154,9.08,588.3162754,350.55191,2.36790309,4.23e+09,95,98,98,98,99,2,0,74,526,0,7.8,1400
"87",17.37,1.31194462,89.23351746,5.300983921,86.65312956,7.69289343,97.51961397,62578,39.4,157.1920959,101.38,48.7,0.7496,0.3032,4.1752,3.8569,1.0923,14.5426,28.1989,39.9488,0.8015,3.7219,94.3661,1.086,13.4634,4.8733,0.6566,0.1144,18.7485,0.534099999999999,1.833,8.25,104.0305979,52.449409,3.50386606,1.9222e+11,87,89,89,83,75,32,0,0,95,0,20,9000
"88",44.04316,2.78986700404,71.8779822095,16.50424130393,80.5696205102,8.34567606023,93.8246309173,63701.79,32.002,151.7928728,186.95,44.9,0.4764,0.2798,4.2927,3.4315,1.1779,9.90000000000001,18.0981,28.7641,0.7014,3.7895,76.39,2.0158,12.5591,5.2456,0.616,0.148,18.0171,0.6848,2.4943,7.77,160.8924937,0.23496559,8.29102703,1.05e+09,98,87,87,76,84,0,0,0,0,0,27,30
"89",177.026,2.153418538,86.85452771,4.097016132,87.22819906,3.063248762,94.11052383,22687,100,2977.514144,2374.56,82,0.6733,0.2402,3.7785,3.7634,1.1548,9.00890000000001,16.2825,24.0341,0.5904,3.1916,103.6894,1.6511,14.6706,5.0696,0.691,0.1758,14.0792,0.7461,3.9187,11.46,761.983053589,428.12521,2.61442253,4867200000,99,99,99,99,93,0,0,35,18,0,0.1,6
"90",174.428,4.382050751,67.83130849,8.841450211,70.95965617,7.155838996,88.6996586,39969,83,286.577877,220.95,60.4,0.6027,0.277,4.828,4.1767,1.1322,9.26740000000001,16.3081,27.5129,0.791,4.2683,59.6791,1.274,9.0743,4.9748,0.7879,0.1176,15.959,0.6616,4.2202,8.78,121.976793,138.24355,3.63943755,2.132e+10,97,97,97,97,99,0,0,90,17779,0,12,680
"91",23.22059,0.245208395,92.38492746,1.856595172,90.90268277,1.417665634,98.43094219,49556,11.6,165.8303456,95.2,44.9,0.8429,0.2951,3.9635,3.627,1.15,13.8397,23.2291,33.8541,0.7353,4.0185,95.2187,1.429,13.163,4.9935,0.5698,0.1068,18.3835,0.594399999999999,1.656,8.17,50.280944,75.229477,0.94273375,3.106e+10,83,89,89,89,88,21,0,140,56,194,49,3300
"92",33.4,5.949013577,45.45748506,17.0717777,50.47089579,9.832646135,73.22544526,29932,70,1429.309665,1310.4,77.7,0.56,0,5,3.3,1.18,9.27,13.9,32.44,0.63,3.15,43.25,0,9.8,6.18,1.25,0.15,23.17,0.7,5.57,9.85,645.5939264811,594.9317,3.71523198,46179800000,94,94,95,95,96,0,0,210,0,10,3.2,63
"93",86.441,0.155654273,83.69318337,3.348813152,86.14449314,1.108739994,96.90015876,20828,48.3,1117.255973,1092.08,80,0.6161,0.1665,2.9938,2.733,1.1648,10.3303,19.332,29.8543,0.4805,3.0179,100.1719,0.982,14.2427,5.121,0.46,0.1571,15.6102,0.6736,2.6037,11.79,431.9255119,358.2995,3.0439246,2.968e+10,88.32,81,81,75,79,3,0,53,39,0,1,61
"94",20.072,2.63112856114,72.8806744706,15.60978890597,80.3378834283,8.89112038074,94.1385364315,99421,17.6,251.1429737,296.76,35.7,0.6109,0.2853,4.2603,3.7804,1.1574,8.96050000000001,18.8735,29.6015,0.7194,3.9483,75.1678,2.0321,12.5521,5.1615,0.6754,0.1326,17.1456,0.6302,2.6798,6.49,234.9475838,42.327137,8.0821676,2.32e+09,98,93,93,90,90,0,0,0,0,0,55,1200
"95",16.213,2.031008316,96.01272649,2.505175939,68.13656507,27.58857886,97.46126715,62373,24.936,127.7707491,88.00683828,45.4,0.6684,0.4317,4.2674,3.9699,1.0709,13.4537,27.1085,39.8098,0.8411,3.9852,71.6524,2.0844,12.7055,5.0441,0.7328,0.1274,18.1563,0.619699999999999,2.382,9.11,26.74511003,25.088203,3.15924304,2.1117e+11,74,52,52,52,64,2,0,0,1060,0,70,3200
"96",118.173,5.662988163,73.92569378,9.027480215,74.41592349,5.565545754,86.81511307,28906,82.424,1067.477550241,764.45,69.9,0.5826,0.2263,4.1227,3.7042,1.1191,8.0848,16.2705,27.8089,0.6937,3.8412,52.3514,0.9151,9.305,4.7561,0.6612,0.1218,16.1842,0.6512,3.4197,10.85,608.695966769,230.01372,3.65407916,1e+07,99,94,94,94,93,0,0,197,372,0,11,680
"97",26.221,3.09776381902,78.8436539684,9.55132403674001,80.7139507672,7.76069885268,93.2965519586,39901.82,95,387.317881223,459.1300504,56.087,0.7161,0.2052,4.2128,3.8553,1.0606,11.1294,23.9972,34.6953,0.7908,3.6641,64.3965,1.2935,9.81290000000001,4.8144,0.6399,0.1153,18.8525,0.6157,2.3065,8.8709,154.9793791335,167.539279209,2.7850305971,55780500000,88.98,83.72,84.65,86.89,85.85,92.16,0.0199999999999992,316.86,544.62,3.75,14.696,5069.03
"98",51.795,4.237066367,52.37598497,8.280441649,60.44408469,4.175315335,68.97353106,30215,95,1874.615864,1578.73,76.6,0.05,0,6.5,5.47,1.39,2.83,25.81,32.88,0.5,2.55,40.59,0,9.28,5.28,0.99,0.24,30.05,1.07,6.56,9.96,716.6810279421,601.2337,4.44688961,60941200000,97,94,93,93,94,2,0,60,50,0,7.9,230
"99",234.833,4.617740176,70.82599285,12.3730704,81.22242945,6.910708635,88.74889694,18648,97.6,6381.507524,6518.22,89.3,0.788,1.4457,2.5947,3.7,1.23,1.71,6.58,16.45,0,0,71.47,10.28,24.27,4.19,0.74,0.21,8.57,0.68,4.51,11.16,920.720266188,679.28198,5.82283606,2.672e+10,60.72,99,99,99,99,0,0,0,0,0,0.2,1
"100",8.812,2.288021446,85.37612576,10.40111937,91.13901044,4.99719585,97.22270523,54971,3.7,76.74339356,58.14,43.7,0.7675,0.3852,3.909,3.825,1.1111,15.5579,28.5533,39.8738,0.8178,3.6569,87.7995,1.4716,12.0822,4.9374,0.7309,0.1226,17.7337,0.5666,1.7402,7.47,21.31132515,16.622654,1.47341461,1.1243e+11,70,69,69,71,58,200,1,413,3,1627,49,12000
"101",9.566,0.922581649,91.73364064,3.840526239,93.98977943,1.670127549,97.62437146,70678,18.32,108.1896442,90.27,47,0.7272,0.3073,4.1597,3.7192,1.1187,13.5605,27.9438,38.5171,0.8368,4.2193,106.4176,1.2154,14.9282,5.2699,0.6757,0.1299,19.2094,0.632,2.0551,7.46,70.44120082,11.881274,5.99862084,1.6338e+11,90,88,88,88,87,2,0,0,0,0,13,2300
"102",7.353,3.123561604,90.89023358,2.804414366,89.13826035,4.095827392,93.39694904,29765,100,1063.888395,938.29,66.6,0.8267,0.274,4.2717,4.0041,1.1077,13.3859,22.5847,32.7504,0.8519,4.55,89.444,1.8185,11.5529,4.926,0.764600000000001,0.0996999999999999,17.4881,0.6646,3.3652,9.14,592.6871707,370.69351,2.30029002,6.2e+08,99,99,99,99,93,20,0,939,1318,4,7.9,2400
"103",68.45,2.81321364804,72.586711746,11.69008903726,79.4323660252,6.50104288578,92.8332942518,25036,30,1513.882431,1259.6,75.5,0.4385,0.3719,3.9733,3.7637,1.1997,6.2849,15.7977,22.7018,0.7242,4.0123,77.8974,2.68,12.9521,5.0983,0.7221,0.1539,14.1128,0.6986,3.9206,10.2,1348.365245,247.58975,10.75705209,1.06e+09,99,99,99,99,99,0,0,0,0,0,5.4,20
"104",6.716,2.225519326,65.50021114,17.1458224,86.73361624,4.690276192,94.31488841,75910,1.9,118.4518361,122.31,45.6,0.6361,0.2885,4.0405,3.7186,1.1081,12.3432,23.8778,38.1027,0.699,3.3278,91.5794,1.1298,13.1439,5.4101,0.6919,0.1265,18.4474,0.6439,2.9119,8.15,30.58858068,54.852081,1.95543294,1.3294e+11,79,68,68,76,76,19,0,0,215,0,9.4,1700
"105",124.564,2.016089401,79.49439766,6.252081044,84.33553014,5.231021171,94.33868958,19507,100,3470.896993,2651.86,85.1,0.3618,0.3858,2.6462,3.1878,1.0542,4.9199,14.7021,20.8591,0.3399,1.7818,103.7404,3.0587,14.9704,5.2261,0.6058,0.1687,13.6107,0.6842,3.6885,10.5,975.905749734999,1287.7975,6.74343039,7139800000,96,95,97,97,89,0,0,0,2,0,0.2,1
"106",78.63242,2.8528268987,74.6869437345,15.81931289773,79.32668127,10.0096779285,94.0522503231,56099.84,37.061,862.8135206,703.13,49.8,0.5021,0.2922,4.355,3.4571,1.2144,10.461,18.088,29.0633,0.735699999999999,3.9132,80.8652,1.9796,12.6041,5.206,0.6127,0.1487,16.4577,0.6836,2.6107,8.51,556.5526682,85.86377,14.44916839,2.1e+08,99,85,85,85,75,0,0,0,0,0,44,23
"107",35.056,1.832958504,74.21991728,9.6241817,81.22913385,5.227755681,90.54428792,58285,6,177.0806661,137.66,52,0.5379,0.159,4.0699,3.3538,1.1437,9.83890000000001,18.5457,30.911,0.6568,3.5472,71.1276,1.0056,11.7667,4.9457,0.5625,0.1242,17.1794,0.5834,2.316,9.17,72.79678754,85.419205,1.87101626,1.33e+10,85,73,73,67,70,2,0,0,1,0,21,840
"108",7.863,1.744295152,62.93665164,17.02140053,84.21656366,5.42960616,95.70872582,30076,100,1098.625455,863.89,65.7,0.5156,0.1533,4.5884,3.8233,1.1443,8.8867,17.5228,28.2303,0.841599999999999,4.1377,80.491,1.4412,13.7625,5.5383,0.8763,0.1443,17.0374,0.756099999999999,4.3275,9.72,454.7446172,556.64081,2.36468574,1.8e+08,98,97,97,98,99,0,0,1,0,0,1.5,19
"109",696.596,1.003724047,88.97181011,6.539340492,90.73352713,4.762752716,98.15518788,26763,85.6,1008.676198,1061.13,62.6,0.36,0.5512,1.02,1.38,1.1331,26.1,20.4909,37.51,0.6719,3.5245,99.0459,0.15,12.1206,4.5574,0.03,0.01,11.26,0.16,1.38,9.32,560.8251266,417.28952,3.25955157,9.6e+08,96,82,87,87,97,27,0,1107,0,0,2.1,2600
"110",423.901,6.880686774,44.33838283,10.74900774,48.94585184,7.265897063,65.59667679,35472,75.7,515.3230735,553.35,73.1,0.5917,0.1895,4.8846,4.042,1.1732,9.73700000000001,17.8848,32.4354,0.881299999999999,4.2494,61.5552,1.0842,9.5265,5.2899,0.833300000000001,0.1605,18.6069,0.7687,4.8919,8.97,266.1060597,238.01622,5.30398831,1.13e+10,97,88,87,88,89,0,0,50,0,0,7.7,310
"111",25.482,3.42728706069,73.5865918696,10.69671763023,79.5165602452,6.12135803049,91.7033096333,21037.41,90.365,3406.868928,6122.51,83.56,0.4105,0.4866,3.3502,3.7653,1.1436,4.7684,13.228,21.1751,0.4106,2.3385,96.128,4.5565,16.0294,4.7444,0.6887,0.1697,14.7111,0.658,4.1869,11.1618,953.237716148999,206.57016,3.84109846,6448800000,89,99,99,99,99,1,0,5,5,0,0,0
"112",92.65189,4.258527637,74.43747462,15.97529209,88.99625331,5.249929689,93.17876539,42935,81.9,469.563584,566.83,58.5,0.6471,0.2935,4.4159,3.8901,1.1315,11.0551,19.0515,29.4759,0.776899999999999,4.25,86.7506,1.6388,12.5148,5.1006,0.7065,0.1246,16.1285,0.6737,3.3848,8.21,314.7894229,184.5154,2.62057288,4.9e+09,99,99,99,99,98,0,0,0,20359,0,22,640
"113",437.855,6.923310581,44.35211798,13.43791788,52.23004196,7.032891017,68.04478747,26702,95,957.0148208,926.37,80.7,0.6255,0.205,3.9649,3.7875,1.1559,9.035,15.7799,28.9291,0.7486,4.1609,71.1174,1.9318,11.761,5.246,0.7254,0.1591,16.4493,0.7881,4.6347,9.91,565.1460656,304.52347,3.66738093,9e+07,88,82,89,89,64,0,0,0,0,0,0.4,3
"114",93.334,1.665594377,79.86947394,3.873115668,75.94501769,4.317192776,94.78751829,38061,42.3,435.2900287,438.24,61.3,0.8331,0.2395,4.7767,4.122,1.1628,10.2671,19.1381,30.3335,0.9473,4.567,77.6973,1.3081,13.1153,4.8489,0.7177,0.104,15.3436,0.6439,4.1895,11.03,150.580693,231.06967,2.00132628,3.89e+09,99,99,99,99,99,23,0,72,17,0,9.4,3200
"115",2.848,1.000706274,91.18510944,4.376628804,76.8353969,9.172431708,97.17655254,88491,15.819,63.74393076,70.98,43,0.7364,0.3382,4.2947,4.0453,1.1116,13.576,30.3206,40.7016,0.8809,3.7946,76.9724,1.1247,13.3167,4.8732,0.7608,0.1224,18.8842,0.563699999999999,2.1927,7.94,44.77314529,4.3641877,3.93673477,2.3915e+11,95,80,80,80,85,281,0,0,79,0,74,21000
"116",21.081,0.72673444,91.49710827,4.199570654,92.56822421,3.110229716,97.96921356,48793,26.742,267.2280328,36.66,48.4,0.8272,0.3248,4.101,3.8229,1.1464,15.4623,24.6716,35.8372,0.7703,3.8549,103.701,1.4038,14.3862,5.1488,0.6737,0.1215,18.5498,0.605599999999999,1.9736,8.46,51.01666168,197.51004,1.0448998,9.451e+10,86,75,75,76,86,73,0,5,6,87,49,27000
"117",52.343,4.444738826,83.5422949,11.16687438,78.6203996,15.70631506,94.24239902,48404,28,942.4741866,749.37,53.7,0.6613,0.3277,4.0903,3.6716,1.1449,10.8867,19.2019,30.3963,0.6475,3.6653,68.3322,1.4881,11.4773,5.0124,0.5633,0.1268,17.2451,0.6423,2.4851,8.3,536.2708304,78.47451,5.3571377,4.04e+09,94,92,92,92,85,0,0,0,212,0,32,780
"118",115.88422,2.70853541686,74.6213655728,12.59150113859,82.0186695703,6.680706724,92.9673716885,40251.88,31.994,1063.905425,633.4977,58.797,0.5246,0.1151,4.2727,3.4846,1.152,9.12300000000001,17.4038,28.8642,0.733799999999999,3.8374,87.6529,0.9625,12.5442,5.1052,0.6012,0.1463,16.9461,0.6704,2.7801,8.7138,392.755250572,13.349661,2.86766633,7.54e+09,99,91,91,91,98,0,0,0,11,0,9.2,1
"119",30.065,1.048351541,92.11685934,3.303721329,85.84539108,6.805773021,98.24326382,43324,0.1,150.5903691,134.6,50.8,0.8271,0.3634,4.0551,3.9489,1.0693,14.2199,26.2166,36.6678,0.8135,4.0686,80.026,1.8766,12.5101,4.7201,0.6455,0.1113,18.6027,0.587799999999999,1.6754,9.49,56.10234496,90.96965,2.33781912,9.946e+10,94,91,91,90,85,888,0,4416,1599,26,20,5600
"120",416.227,5.665388279,67.63927552,16.95792187,76.49254636,10.82331752,90.18115883,18770,98.9,5313.243391,5601.11,89.5,0.6092,3.32,0,2.92,0.57,23.99,4.44,31.81,0.29,1.58,25.29,7.82,11.74,4.54,0.91,0.23,0,0.42,3.32,10.94,786.111956736,650.96637,9.48113273,92573800000,64.49,94,95,95,95,0,0,8960,140,0,0.2,34
"121",5.184,5.612593004,72.10683775,9.809272194,82.04965287,6.628885679,87.07706163,18742,100,3530.096913,3405.16,86.2,0.31,0.1,2.2,2.59,0.61,10.69,10.9,33.92,0.02,0.14,50.56,5.96,11.58,3.5,0.3,0.19,17.27,0.71,2.61,10.68,832.534119322699,422.60583,9.08265634,40349800000,74.92,92,92,92,93,1,0,1168,10,2,0.2,10
"122",23.549,0.375851358,92.87534922,2.770323364,90.24229532,3.758582133,99.44766517,33239,12.2,405.9922707,381.76,64.3,0.6813,0.2579,4.212,3.8931,1.1188,12.4971,19.759,29.7203,0.789099999999999,4.1165,96.6761,1.4505,13.7016,5.3097,0.714000000000001,0.1426,16.0628,0.716399999999999,3.4201,9.35,252.6905829,146.10959,5.09579767,1.948e+10,98,98,98,99,99,3,0,36,0,0,2.5,150
"123",2.85,4.174073069,86.76437259,7.241705941,91.90016094,3.445577981,93.9277193,70093,3.1,68.46968478,60.25,41,0.7307,0.2633,3.964,3.7537,1.093,13.3452,24.4455,34.409,0.7429,3.7964,94.4203,1.3974,12.7604,4.9774,0.6733,0.1225,18.3893,0.556099999999999,1.9764,7.66,30.53475865,35.789703,2.38630659,6.702e+10,77,65,65,65,73,24,0,0,7693,0,19,3800
"124",5.506,3.237375922,91.14849163,4.9520462,80.92018016,15.96620222,96.21776329,84764,2.2,215.223799,217.1,51.3,0.7401,0.5011,3.95,3.9247,1.0613,14.6216,26.9902,39.8615,0.7774,3.9465,63.2909,2.3891,10.5167,4.6096,0.7156,0.1174,17.3374,0.5517,1.6698,8.74,54.80384636,155.4747,0.92253513,6.9788e+11,68,56,56,55,54,53,35,6592,12423,0,99,180000
"125",112.45911,2.92751707836,76.2124225299,10.25634600925,79.8512593345001,7.78373216685,94.1086463753,36756,51.677,510.1658348749,491.6187,62.3,0.5993,0.2243,4.4241,3.983,1.1493,9.26280000000001,19.217,28.8911,0.7787,4.0998,79.078,1.0712,12.3156,5.1917,0.7264,0.117,15.6112,0.6355,3.9194,7.84,291.8198238399,167.480543699,4.1187959302,2.36e+10,97,96,96,99,98,0,0,0,0,0,61,15000
"126",112.29087,3.20897900049,79.9731275999,8.59689991784,81.3957200685,7.03982032741,93.1049972772,39814.54,71.917,425.633848834,499.0567884,55.908,0.7461,0.3002,4.1012,3.929,1.0905,10.9654,23.7884,34.1131,0.7775,3.9536,66.2477,1.3988,9.93500000000001,4.8016,0.6711,0.1158,17.6559,0.5816,2.195,8.96860000000001,169.6164569636,182.076247069,2.6994270191,51278100000,87.59,82.27,83.57,86.62,85.31,229.39,0.0499999999999993,636.83,1563.97,10.52,16.399,8810.13
"127",51.649,1.923139822,83.20643864,5.672668284,93.22316795,2.733297377,96.46415387,19615,100,6221.641638,6307.78,90.5,0.9497,1.3665,2.74,3.2,1.37,14.0956,17.3915,31.4618,0,0,78.14,7.7259,26.34,6.46,1.07,0.26,17.5012,0.57,3.6,10.61,775.248218607,887.98853,8.3096182,3.3209e+10,62.09,89.5,95,95,95,2,0,1902,14,2,0.2,11
"128",235.576,2.48705637058,73.5538043172,9.24721214292,77.6492974739,5.52099337591,92.0822533407,27260,97,1635.870769,795.79,77.1,0.5624,0.2052,4.4532,3.8889,1.1361,7.4469,14.855,23.9634,0.8072,4.4687,83.9746,1.6542,13.0695,5.0419,0.7204,0.1489,13.4742,0.6816,4.3718,10.76,769.486907292,104.14493,3.19022858,2.5e+08,99,99,99,99,99,0,0,120,0,0,0.5,24
"129",30.599,2.048896381,87.46708615,4.48254764,87.1201023,4.363841243,92.95755059,50534,26.6,134.4414606,126.33,43.1,0.7681,0.4093,4.0895,3.8128,1.0818,14.6652,29.8798,41.6225,0.8503,3.8662,93.7981,1.5036,12.7787,4.8995,0.6164,0.1118,19.6703,0.556199999999999,1.7351,8.98,44.41218036,89.383614,0.91881147,2.0375e+11,85,72,72,72,61,667,323,0,386,9,23,44000
"130",222.32117,2.63413198073,72.5522320179,11.21197273696,79.7708475243,6.08103774531,92.5970298672,27004.83,81.904,1611.489044,1287.55,73.334,0.3442,0.2283,3.2892,2.9206,1.1494,4.8594,15.8555,22.6584,0.6653,3.6408,88.4706,1.5794,13.566,5.1077,0.5321,0.155,14.6909,0.679,2.8184,10.1044,913.4388848,226.84311,6.53197026,1.5e+08,94.83,90,90,89,95,0,0,0,0,0,6.2,1
"131",614.17,1.570896565,87.0117918,5.074907607,83.74548712,5.632541832,96.14010546,27476,51.8,1542.796273,796.08,64.4,0.4602,0.2324,3.0309,2.6125,1.1551,7.96710000000001,18.0614,27.2439,0.627399999999999,3.2227,78.6377,1.6414,13.7263,5.0689,0.3987,0.1465,13.8038,0.6563,2.1224,9.54,1242.110614,470.90369,5.87836609,3.23e+09,99,73,73,72,90,0,0,9,0,0,6.1,240
"132",0.782,2.89438960663,77.7875223792,12.73369352266,80.5274402984,8.98031889372,94.7893848398,59322,22.644,98.58088454,114.06,38.6,0.6014,0.3673,3.9999,3.771,1.1506,9.99340000000001,21.494,32.608,0.7246,3.5638,73.1548,1.6226,12.5745,5.0764,0.7101,0.1277,17.6993,0.6086,2.3469,7.67,99.42352141,5.6810246,3.46554272,6.417e+10,65,62,62,63,60,0,0,0,38,0,40,3100
"133",186.049,1.697453577,77.71853639,7.960701128,79.03654747,8.33697707,96.55910239,30862,23.6,724.3116252,724.33,60.4,0.6216,0.1211,4.4001,3.6106,1.1633,8.57880000000001,18.3023,28.946,0.753499999999999,3.8731,75.148,1.049,12.0995,5.3809,0.6466,0.1377,16.1839,0.6922,3.2144,9.52,403.2017812,264.27051,4.50224038,5.62e+09,99,93,93,89,83,3,0,32,0,0,4,260
"134",1038.977,3.121639456,70.20276962,17.46744447,69.91956511,15.37898786,94.65921348,26911,64.4,671.0036469,626.2,69.6,0.6705,0.5065,2.9474,3.0736,1.1571,11.7887,19.7075,32.9114,0.6509,3.3761,77.771,1.2813,10.3968,4.8418,0.5049,0.1253,14.8787,0.5905,2.6867,9.9,403.6246729,207.45259,3.31875118,9.5e+09,91,90,90,88,92,22,0,119,4,0,6.2,2000
"135",64.363,5.130115078,78.73598856,13.90519241,86.23393266,8.878665282,93.43471143,41446,82,322.7779997,287.33,52,0.6892,0.3945,4.0003,3.7551,1.0876,12.0295,23.8177,34.7566,0.7826,3.6245,87.6306,1.5559,11.8255,5.0571,0.6357,0.1175,18.1445,0.6207,2.4634,8.46,113.1863607,172.83017,1.61468522,9.55e+10,80,60,60,79,82,880,0,5,619,9,13,14000
"136",121.94,4.148356811,77.59000688,5.265834808,84.56692082,3.961528701,89.29095657,25415,97.5,1704.195989,1550.72,79.6,1.78,0,4.85,4.85,1.09,9.72,25.31,27.86,0.02,0.1,93.77,0,7.69,3.85,0.65,0.09,15.71,0.54,6.62,10.33,681.368844887,396.16248,4.5076396,32717800000,94,96,98,92,96,14,0,2183,84,0,1.4,540
"137",232.526,0.989262723,80.76637384,5.142860342,69.12951856,8.31421332,96.44636303,19815,100,2661.397049,2507.79,84.5,0.36,0.7,2.33,3.25,1.01,5.44,16.6,21.84,0.4468,2.501,69.2033,5.63,15.0567,4.97,0.64,0.13,10.78,0.73,3.39,10.47,916.76582074,735.89484,6.15818911,30020700000,32,98,98,98,98,0,0,230,8,0,2.1,210
"138",79.832,2.93890206528,74.5199990359,9.80877564809,82.8076141261,4.85909151629,91.9110396704,22923,100,3900.286232,2882.33,85.2,0.3909,0.2542,3.6194,3.7005,1.1313,5.237,13.1981,20.349,0.5181,2.9096,93.6075,2.1229,15.2588,4.8684,0.674299999999999,0.1746,13.7522,0.6849,4.1838,11.71,841.650626897,242.92445,1.87539141,6943900000,97,99,99,99,99,0,0,0,18,0,0.3,7
"139",341.725,4.578165028,65.21081461,12.88616864,74.28533652,6.003139346,89.42052721,28496,94.3,1090.416516,988.16,74.4,0.479,0.1974,4.3407,3.4721,1.1687,6.6873,16.0131,23.844,0.725299999999999,3.8532,63.4962,1.3001,9.3212,4.8867,0.6779,0.1243,15.3161,0.6666,3.4095,9.69,930.5565843,232.00484,4.47447755,1736700000,98,90,89,89,86,7,0,93,4,0,5.5,1100
"140",182.198,9.4713641,44.63316828,23.61144764,61.48502592,11.99016161,77.27611037,39906,88,1414.028282,1586.56,71.7,0.8017,0.4701,5.1655,4.4681,1.1348,8.7037,17.7751,27.54,0.934499999999999,4.0004,52.5618,2.3679,9.3653,4.9486,0.868100000000001,0.1521,17.4683,0.767,8.05,8.96,926.2270062,515.22107,3.69092281,48412900000,96,97,97,97,98,13,0,6452,843,2,11,15000
"141",2.702,0.626441374,93.53981408,1.638061847,98.66094322,0.647665643,98.49394064,54160,91,143.1853392,161.76,47.8,0.7502,0.282,4.4986,3.8693,1.1077,13.2002,21.2019,32.0157,0.8033,4.5535,102.5721,1.6231,14.7716,5.2643,0.7273,0.1228,17.5213,0.673099999999999,3.2717,8.3,47.90486804,37.179249,2.86940115,8.313e+10,99,98,98,98,97,6,0,0,1,0,3.8,440
"142",112.32906,2.52306189955,72.5298865820999,12.60567860927,82.5180853729,5.85833593018,93.1163092754,30959.58,28.8,1442.733631,1332.32,64.013,0.5155,0.1499,4.0438,3.2812,1.1615,8.6351,17.9569,27.7977,0.6287,3.1268,92.7636,0.9752,13.0427,5.3801,0.5924,0.1493,17.1962,0.6996,2.9199,9.4806,522.2481639819,817.19995,2.14460502,3e+07,95,94,93,90,95,0,0,0,0,0,2.5,1
"143",188.17701,2.2316589536,73.2050336164999,11.47645097289,78.9402387642001,6.71546180463,93.4495073764,30507.05,35.5,681.3680759,897.64,62.5,0.5762,0.26,4.16,3.6238,1.148,8.0694,15.7621,24.6787,0.798399999999999,4.3421,84.5395,1.6302,12.7912,5.3129,0.7331,0.1408,14.8146,0.6837,3.6749,9.75,383.5099396,329.6796,3.59929525,1.9e+08,99,99,99,99,97,0,0,8,0,0,0.7,1
"144",166.92197,2.32217521272,73.0279281067,12.14020671881,79.1483202977,6.86608070749,93.5865933428,37142.94,9.4,469.5055234,554.51,57.5,0.555,0.1628,4.5565,3.7341,1.156,8.33150000000001,16.3465,25.3686,0.821499999999999,4.3176,85.3423,1.3576,12.4909,5.2629,0.7425,0.1413,16.0035,0.6716,3.6646,8.94,476.1162821,100.68762,4.38522311,2.1e+08,99,98,98,97,99,0,0,0,0,0,1.5,2
"145",196.36606,2.56778976065,74.1146496682999,12.9640143919,82.196514687,6.69472222683,93.1272670594,39065.22,39.926,335.8615542,379.39,62.1,0.4627,0.1857,4.0655,3.3836,1.1562,8.98600000000001,17.2507,28.3275,0.658099999999999,3.5123,87.7461,1.4037,13.1402,5.3491,0.6052,0.1568,16.5922,0.6733,2.5189,9.02,380.3740371,38.628162,6.53686898,5.16e+09,83,59,66,61,69,0,0,0,1,0,0.9,2
"146",1237.551,2.77152360623,74.4655057001,10.35052012053,83.2505218694,5.79876481929,91.4916964864,23670.93,79.908,3674.645142,3708.5,83.052,0.2539,0.4956,2.3377,2.4426,1.0765,5.98360000000001,13.6221,21.9573,0.2513,1.3236,98.9893,3.7581,15.8238,4.8256,0.3965,0.1768,13.6267,0.5876,2.9339,10.9502,939.130684707999,673.5119,5.73605882,33432800000,80.22,75,76,76,53,0,0,0,1,0,0,0
"147",68.443,2.37131212207,73.4222582493,13.28557698586,80.8570219355,7.52469134378999,93.3209732436,42751.25,2.1,308.3572367,202.92,49.6,0.5438,0.1162,4.2678,3.5713,1.1777,8.5955,17.1,26.8581,0.6904,3.5504,86.3471,0.886,12.4833,5.3966,0.6541,0.1438,16.639,0.6642,2.9355,8.95,113.0058446,35.996059,3.61225473,3.65e+09,97,96,96,96,93,0,0,0,0,0,3.6,7
"148",153.071,1.308725088,84.51071616,2.732971172,83.49132373,3.867741563,94.51344559,27174,92.322,3121.341632,1680.59,79.4,0.6943,0.2302,4.1267,3.9055,1.1193,10.2018,18.2067,26.9019,0.6371,4.0135,78.2352,1.6497,12.6581,4.9657,0.6772,0.1224,14.0604,0.6562,4.2063,10.72,611.720963671,467.57504,3.49078974,1e+07,98,98,98,97,98,1,0,11,219,4,2.1,660
"149",19.231,2.716341588,73.36482792,14.74161457,81.01150969,9.406832361,94.94049743,53970,20.1,97.08918675,96.4,44.4,0.6101,0.2273,4.1187,3.7877,1.1172,11.1936,22.423,34.2348,0.7562,3.6351,73.7845,1.0169,12.5425,4.9226,0.7012,0.1279,18.8304,0.6154,2.3429,8.35,56.07660558,42.894653,2.41795607,8.352e+10,95,89,89,85,80,4,0,0,58,0,23,3400
"150",117.274,5.377880369,65.95616367,9.233046412,73.36397391,5.18177842,84.24047902,28151,92.1,1323.690595,986.94,75.4,0.3961,0.1985,4.8242,3.9806,1.1343,5.3775,15.539,24.0064,0.7222,3.9803,56.2467,1.2331,9.81170000000001,4.9859,0.769,0.149,15.212,0.8088,4.5408,9.84,885.8648835,537.25604,6.4165056,1.15e+09,98,94,95,95,86,4,0,89,383,0,1.2,110
"151",226.75223,2.30480029251,73.4145497337,11.62025371977,79.5686330661,7.04425832774,92.7664648474,32578.51,50.027,867.3181766,936.89,66.1,0.561,0.2064,4.2695,3.5958,1.1458,8.75570000000001,15.3286,25.5617,0.7426,4.1865,85.3886,1.5373,12.6018,5.2238,0.7373,0.1424,15.903,0.6426,3.3776,8.73,508.384572974,21.547663,3.10724273,1.5e+08,99,98,97,97,98,0,0,0,0,0,0,0
"152",9.277,0.653627709,92.75960827,3.92525476,93.03010582,3.612389795,98.39615515,117683,0,256.3404367,228.18,41.3,0.7764,0.3305,4.1901,3.8395,1.1067,15.3926,27.5661,39.2716,0.8067,3.8768,90.6433,1.4204,13.8476,5.1344,0.6658,0.1148,18.5446,0.624599999999999,1.7833,7.52,37.63821568,98.019753,1.88380186,1.4083e+11,90,86,86,86,76,11,0,23,607,0,51,3300
"153",4.786,2.117348819,76.19201145,3.045648006,76.94395752,2.87016643,85.74143969,14354,100,3681.29594,3578.05,86.3,0.7381,0.4067,4.166,4.4386,1.0441,11.8239,22.7264,32.428,0.775099999999999,4.3371,66.7064,2.7613,13.4712,5.3393,0.9992,0.1846,18.762,0.8521,5.813,10.11,562.548348075,1161.4761,2.05468332,7.9312e+10,99,96,96,96,95,0,0,17,138,0,1.2,70
"154",32.237,2.6178205,73.24740637,6.388160352,80.30219642,2.391224857,84.68860603,25991,94.8,2061.950585,2146.56,78.6,0.6208,0.104,4.3899,4.91,1.1566,8.32360000000001,13.24,24.08,0.76,5.09,62.7864,1.1366,10.5571,5.0347,0.81,0.1619,15.332,0.7638,5.82,10.09,763.849003159,380.29736,5.8395992,3898400000,90,96,96,96,95,0,0,334,1,0,0.6,32
"155",92.355,5.80245495,70.26216267,12.28595453,79.52356645,7.953757815,88.83694557,21200,100,2733.762624,2595.21,87.4,0.05,0,4.45,4.2,1.0934,1.45,5.81,14.03,0.14,0.75,75.0531,0,11.8975,4.7653,0.66,0.14,12.58,0.62,4.5,11.51,879.04355874,342.3797,6.62382179,4765500000,96,94.4,95,95,94,3,0,68,18,0,0.8,16
"156",39.88128,2.72670924499,72.8124218607,14.23124270534,78.4562044465,9.12449719515,93.7459374776,41888,54.871,173.0485477,106.17,43.1,0.6119,0.2684,4.3758,3.6925,1.1464,8.89850000000001,17.8905,27.9852,0.723399999999999,3.9484,71.1543,1.6856,12.9969,5.4175,0.7723,0.1474,17.4163,0.702,3.5056,7.74,99.35328921,5.6879601,4.64048232,1.712e+10,97,98,98,99,92,0,0,0,0,0,9.8,57
"157",6.544,3.22543969383,80.0608159676,9.30402820283,79.5343659699,12.01585611824,94.0482642961,89247,15.816,156.3966736174,147.2378396466,34.2,0.7243,0.4338,4.0486,4.0764,1.0643,11.401,24.2764,35.1202,0.8011,3.9672,64.2643,2.2217,10.2203,4.8398,0.7761,0.1292,17.7044,0.616,2.1248,6.75,45.4006171683,69.9690644949,2.5131867375,5.67e+10,39,42,42,47,46,321,5,1001,7497,7,65,7000
"158",321.251,4.661810314,82.3198786,8.989362561,79.89208724,10.76211119,91.89134844,67514,100,1086.409415,1121.25,52,0.6779,0.4879,3.9407,3.534,1.0935,11.9303,21.3213,34.0382,0.7103,3.5947,74.1522,1.7827,10.6737,4.7656,0.5947,0.1296,15.9011,0.585,2.32,8.61,555.7822218,83.637741,4.24326873,8.779e+10,69,71,69,70,76,2,0,103,17,15,46,25000
"159",8.992,5.103353577,48.65487801,7.88782279,69.95927227,2.447358564,72.30762691,17921,100,2556.046343,2398.42,85.8,0.8887,0.3338,4.2678,4.1198,1.1292,10.7344,18.5637,30.1938,0.8063,4.1469,61.0244,2.131,11.3902,5.0687,0.8631,0.1469,16.4637,0.759,5.6403,10.24,691.9348757728,940.44543,3.98524804,8736200000,98,98,98,98,98,22,0,205,7,0,5.1,2600
"160",5.003,2.92257325057,76.3240034201,12.54113933204,77.9908510383,12.4486480157,94.4964751061999,80319,13.583,71.16543519,52.01268408,38.8,0.6621,0.543,4.0829,3.8113,1.0731,12.5941,23.214,39.1577,0.7495,3.5808,69.2799,2.2203,11.5535,5.0449,0.7291,0.1332,17.9493,0.6425,2.3957,8.03,23.06684199,43.657784,1.1369163,1.1859e+11,43,31,31,41,20,4,2,3,878,9,28,3400
"161",754.96,5.00635976,79.64759426,7.039002198,79.81514869,5.863777118,87.8456352,16984,99.2,3182.544019,2845.7,89.6,0.57,0.36,2.04,2.43,0.79,6.7,12.13,16.68,0.51,2.68,23.04,2.6,6.24,5.45,0.36,0.11,7.38,0.96,2.97,10.35,822.67173058,771.09918,6.3999919,16271600000,78.38,97,97,97,96,3,0,2342,115,1,0.6,260
"162",0.887,0.668497162,86.48181964,7.046222648,87.27026723,3.529962207,98.43022036,28527,100,353.1291505,304.14,72.8,0.8398,0.3069,4.1546,4.0165,1.1363,11.4377,20.4934,31.0153,0.8286,4.2239,97.5856,1.7811,13.1761,5.0423,0.6511,0.1101,15.5781,0.6461,3.0354,9.66,220.1650207,135.6982,1.96395333,3.374e+10,99,99,99,99,99,15,0,107,1568,0,5.6,1200
"163",19.088,2.99799967986,79.3583831097,8.62875196586,79.5119077118,7.85007767818,93.1156789788,59210,29.7,277.0008938,221.45,50.1,0.7976,0.3505,4.2561,4.1087,1.0579,11.9287,25.3923,38.6107,0.8198,3.9552,73.5323,1.7608,10.4179,4.9634,0.8033,0.1233,18.9243,0.5963,3.2494,10.13,76.2614582,175.13531,1.80236186,1.0946e+11,88,93,93,93,87,139,0,141,3585,11,18,7300
"164",189.215,2.44032299867,75.0808321641999,11.82397875916,80.3445487534,7.21288164849,93.2977597063,29901,33.539,1016.908901,743.92,56.7,0.4976,0.1513,4.0505,3.2996,1.1868,9.86600000000001,17.1076,28.7686,0.6762,3.4076,85.0188,0.8695,12.4386,5.2076,0.5925,0.1366,16.8529,0.6496,2.5637,9.1,491.6766581,103.195,2.94062408,1.77e+09,93.29,89,89,89,94,1,0,0,0,0,2.6,14
"165",585.983,2.198213879,69.84934993,12.27445226,84.30726656,3.115958424,92.76281682,18308,100,5298.603868,4243.84,90.5,0.5132,0.9399,2.3943,2.04,1.73,9.81760000000001,13.048,25.794,0.18,0.91,107.33,6.64169999999999,19.73,6.64,0.43,0.23,13.6186,0.66,2.22,11.16,838.018164984,804.94183,10.0246943,28132600000,24,53,98,98,98,0,0,603,22,1,0.3,27
"166",222.887,9.2555687,52.64549204,21.54384886,76.66151452,7.682226743,75.14677003,17679,100,7582.571519,6186.65,91.8,0.8236,1.4901,2.9664,3.56,1.1026,11.7835,12.07,33.25,0.13,0.71,74.7215,7.90149999999999,18.3717,5.5763,0.93,0.52,14.5194,0.82,4.53,11.24,773.907717105,2149.3345,7.69511736,44917500000,65.68,91.6,97,97,94,1,0,4700,35,0,0.2,16
"167",15.714,3.06287564096,73.7071552434,13.2989449524,79.9449531994,9.35449036414,93.7633986535,43178,90,412.5465049009,168.95,74.6,0.5156,0.2928,4.1078,3.6655,1.1497,9.36290000000001,17.777,29.2047,0.632,3.2381,76.9591,2.0268,12.0769,5.188,0.725,0.1584,17.262,0.6789,2.6515,9.15,272.3219548997,85.753609,1.50716579,1.105e+10,66,41,41,50,53,2,1,29,45,0,0.1,21
"168",8.493,0.673757537,91.32556177,0.892688266,94.70880313,0.781371864,96.68208741,42752,0.3,192.6961909,169.59,58.6,0.6279,0.1739,4.3033,3.7892,1.1373,11.63,20.2133,30.5161,0.7532,4.5119,103.5748,1.052,14.0725,5.4007,0.722900000000001,0.1333,16.3826,0.721999999999999,2.8581,8.67,53.64312639,121.52,1.98376501,2.398e+10,98,96,96,96,97,0,0,6,3,0,2.6,220
"169",0.352,0.583005908,95.53248558,2.29331399,91.62572786,4.26186043,98.93528549,63043,13,96.49687717,125.98,49.9,0.7163,0.3186,4.6438,4.1343,1.0648,14.047,26.6672,38.3233,0.9277,4.444,95.8873,1.4977,14.0806,5.1626,0.8334,0.1268,19.2398,0.621299999999999,3.8546,7.76,66.05665098,25.233082,2.58995871,3.1549e+11,99,98,98,96,99,2,0,0,30,0,56,30000
"170",0.845,1.212679891,92.58005104,3.004244503,93.65955808,2.250121079,97.15742533,28993,98,610.1700037,658.24,70.8,0.9292,0.3592,4.3481,4.2764,1.1352,10.2636,22.0083,30.6155,0.9256,4.6198,90.4258,2.108,13.3829,5.048,0.7759,0.1138,16.8326,0.654899999999999,3.9357,9.77,885.8607806,75.361549,3.20842519,2.679e+10,99,99,99,99,99,76,0,51,154,19,12,8400
"171",128.78435,2.77722601348,76.0451652129,13.82344353124,80.0183420127,11.22299179046,94.1956148588,48768,30.04,141.275828,96.32172005,51.6,0.5393,0.2335,4.0704,3.3154,1.1928,10.2168,18.5353,30.5199,0.6277,3.2846,73.7974,1.2597,11.6481,5.0677,0.5484,0.1249,16.5908,0.625,2.2941,9.38,31.06706996,14.457674,1.33363109,1.374e+10,79,76,76,75,70,0,0,5,43,1,100,1200
"172",6.523,3.061218588,51.16570542,25.01030975,69.79410638,12.20086896,90.56253903,71808,4,95.63100552,118.93,44.3,0.6608,0.261,4.2897,3.8482,1.1719,10.3312,18.2231,31.704,0.6935,3.3996,64.8651,1.4022,10.1835,5.2734,0.7196,0.1586,18.492,0.6689,3.2178,7.72,28.39834433,48.73756,2.01732113,1.644e+10,86,88,88,88,85,12,0,23,20,0,6.4,460
"173",159.38514,2.31743748091,74.6734783322999,13.00977375069,82.7654082011,6.73374253327,94.4257200635,42059.18,26,323.7626011,249.84,62.1,0.4868,0.1753,3.836,3.1691,1.1811,9.06920000000001,17.9517,28.989,0.6684,3.4185,89.3086,1.1208,13.0203,5.2989,0.5857,0.1441,16.9403,0.6494,2.2513,9.17,226.4840835,33.086273,4.26569894,1.71e+09,89,82,82,84,67,0,0,0,0,0,1.2,1
"174",75.742,2.47435201506,73.4270216252,12.29879408292,81.0946760706,6.04760332562,93.0912273157,38360,61.665,2204.137969,1662.9,62.1,0.4777,0.1633,4.0664,3.3188,1.1646,9.33470000000001,18.1144,27.3969,0.6573,3.2112,85.6923,0.9365,13.0003,5.3843,0.6067,0.1508,16.9533,0.693,3.1846,9.51,613.127206812,822.86584,3.17462752,5e+07,95.47,90,96,88,89,0,0,0,0,0,1.5,21
"175",83.174,2.633111366,77.25382584,5.060910814,79.64929272,3.295920991,91.52962184,26814,80,774.0570073,790.59,70.1,0.6704,0.1602,3.9816,3.5949,1.1619,8.3258,17.3244,25.5941,0.6811,3.8951,77.0212,1.2552,12.6968,4.856,0.678,0.1313,14.0158,0.6845,3.7384,10.85,450.7708521,307.94397,3.96881649,4.34e+09,97,98,98,98,98,4,0,4,16,0,2.1,240
"176",117.976,3.460505912,81.79293168,5.890945262,86.79386391,3.575581689,93.4521032,29027,86,995.9660375,1053.48,76.2,0.67,0,2.15,2.78,1.0557,7.33,17.48,18.9,0.5158,3.1481,89.9755,0,11.061,4.447,0.05,0.05,11.57,0.44,2.81,11.56,824.2290395,168.79961,4.19377897,2.16e+09,95,96,96,96,94,8,0,322,342,0,0.9,740
"177",107.3863,5.391968047,85.72975256,4.851585638,84.98196013,5.319882647,90.46698076,53597,82.3,1003.781827,276.17,58.1,0.6496,0.2846,4.5376,3.8359,1.1469,10.1633,17.8351,28.6085,0.8068,4.005,64.5328,1.4396,11.5955,5.0921,0.6913,0.1166,15.7129,0.675,3.3719,8.18,209.6981436,713.40161,1.34853056,2.85e+09,99,99,99,99,99,0,0,0,0,0,8.5,460
"178",136.73041,2.89695333362,74.2050177899,13.00203468621,80.4993368825,7.6338130105,93.1988240888,38232.37,41.352,523.3052197,663.22,58.726,0.5254,0.2759,4.3862,3.6713,1.1865,9.53400000000001,16.6418,25.8154,0.739799999999999,4.0244,87.3385,1.7158,12.3337,5.3198,0.6923,0.1441,15.8095,0.673,3.2707,8.82090000000001,622.2637312,3.9238579,16.4047619,3.8e+08,99,96,96,96,94,0,0,0,0,0,19,2
"179",2.252,1.631230651,85.52336695,8.528302665,80.86251597,13.62793388,97.45142236,74116,2,138.5283968,145.81,42.9,0.7056,0.4315,4.2958,4.0496,1.0799,14.0062,30.3721,41.0813,0.869,3.9506,74.8238,1.6067,12.9843,4.9217,0.7511,0.1203,18.8196,0.5658,1.8494,7.86,32.40980224,56.105515,1.80125132,2.0389e+11,93,78,78,82,82,1804,0,0,478,0,14,5500
"180",150.685,4.289513483,29.2852939,15.26527319,49.92415276,7.063743363,76.4157292,35121,100,469.4283772,686.7,72.7,0.767,0.4413,4.5443,4.2857,1.1493,10.7121,21.2162,34.1206,0.882699999999999,3.5961,53.6855,1.7152,9.5354,5.1784,0.827100000000001,0.1398,17.7128,0.730299999999999,4.9719,9.07,313.0036682,224.43942,3.60452112,5.127e+10,39,22,23,45,56,23,0,2426,105,2,11,5000
"181",48.734,2.452531891,83.58233724,4.379337596,85.20114693,3.396720601,94.05037382,25546,100,2425.795649,2233.34,72.2,0.587,0.1191,4.012,3.6238,1.1613,9.12350000000001,18.6988,27.2599,0.5646,3.6209,76.6699,1.1452,12.5964,5.1846,0.6908,0.1445,15.9257,0.7603,3.5469,10.43,603.5741729038,431.54056,2.63615158,2434400000,96,94,94,94,94,0,0,18,347,0,0.5,43
"182",668.253,3.550782864,75.1519926,8.731762141,85.65273244,2.656245484,89.00867298,20376,100,4144.60079,3310.7,84.6,0.5663,0.2176,2.54,2.11,1.0462,8.645,11.39,28.82,0.1833,1.5397,75.8842,2.8413,12.2283,3.67,0.38,0.18,12.7858,0.82,2.54,10.85,857.928931448,613.17255,7.57885017,11379700000,80.46,87.46,96,96,95,6,0,5207,91,1,0.5,300
"183",684.958,6.065628933,72.09093657,11.08898779,84.06384961,5.789617551,86.93454509,22775,84,9535.945335,9145.83,81.3,0.47,1.68,0.61,2.44,0.920000000000001,3.72,13.75,17.11,0.18,1.19,3.9,9.15,17.49,3.46,0.21,0.14,4.25,0.39,2.77,11.16,893.349784973999,1056.9528,8.27851771,63700600000,67.13,92,95,93,92,30,0,20679,188,0,0.2,590
"184",15.545,2.356830526,72.39453213,10.75892578,74.8942538,6.837958322,94.46819233,24820,97.2,1747.771686,1714.64,72,0.5949,0.1406,3.7225,3.6209,1.145,8.54770000000001,17.1917,27.2136,0.7217,4.1695,75.1952,1.0232,11.7243,5.2015,0.8415,0.15,15.756,0.7623,3.5232,9.39,681.1800687984,282.98938,6.11148431,2.1e+08,98,95,95,95,96,0,0,777,0,0,2,69
"185",16.642,0.481913574,92.34589,3.322893256,95.39644889,1.130838963,98.28823461,40253,100,382.8217102,330.24,62.3,0.7259,0.3291,4.6905,4.0466,1.1188,12.2854,22.0679,31.4548,0.9606,4.9786,100.3141,1.5536,15.097,5.2659,0.803100000000001,0.1179,17.937,0.695299999999999,3.7768,8.49,176.5255736,163.58907,3.11124825,2.245e+10,99,99,99,99,99,0,0,0,22,0,8.8,2600
"186",94.66969,3.08029145982,73.1822931257,15.83318828727,80.900506054,8.63733151684,93.4782943095,58801.52,100,106.0744378,115.22,43.1,0.4885,0.166,4.1133,3.5006,1.1894,9.24470000000001,17.7586,28.881,0.6331,3.1076,79.5435,1.3064,12.4191,5.2113,0.6081,0.1533,16.2884,0.7036,2.4613,7.91,137.4151262,9.4468813,4.51074955,5.54e+09,73,64,64,65,53,0,0,0,39,0,6.4,17
"187",27.43,0.149682439,92.22134242,4.056766995,93.54830111,2.490906241,99.57585105,29410,100,579.4147164,655.87,64.7,0.7131,0.2055,3.4415,2.8046,1.1633,13.4607,20.7592,31.9729,0.6617,3.4614,103.8931,0.9147,14.697,5.2286,0.4129,0.1049,16.7916,0.6443,1.9516,8.87,272.5255832,265.49927,1.54276595,1e+08,82,87,87,87,92,14,0,0,0,0,2.3,730
"188",0.36,1.396909176,70.84443302,8.115222817,73.29346956,3.569154881,91.72212825,29226,61,334.319988,308.3,66.3,0.8635,0.3314,4.5943,4.3517,1.1064,11.2972,23.8834,34.1159,0.857,4.5289,72.005,1.5219,10.9697,4.8744,0.9284,0.119,18.2197,0.563799999999999,4.2675,8.64,216.0968359,145.36028,3.82001911,7.389e+10,97,97,97,97,97,360,0,309,256,15,17,16000
"189",20.117,1.832942182,84.21886745,3.062775585,81.48479282,3.218073296,93.37462924,55241,42,144.4998841,200.11,49.6,0.7724,0.3556,3.9713,3.9448,1.0826,12.0267,23.5918,34.4525,0.6842,3.6185,67.4675,1.7302,11.3966,4.83,0.7454,0.1264,17.3664,0.649499999999999,2.1681,10.68,50.58780509,116.98312,1.27187099,6.458e+10,47,69,69,63,67,117,0,2529,468,7,5.9,1600
"190",18.93,2.340405547,80.54475527,10.27586541,79.19620189,8.151723478,94.93797019,76189,8.4,203.0385646,191.73,41.6,0.623,0.2874,4.2445,3.7807,1.0959,12.1614,25.6822,38.9747,0.839299999999999,3.9529,77.2172,1.2766,12.7112,4.8185,0.7081,0.1324,19.1382,0.5611,2.3729,7.16,104.9397687,55.894348,2.76009455,1.4342e+11,99,90,90,90,90,0,0,0,9,1,31,5000
"191",16.282,0.568950086,85.14194336,3.765832379,91.64147991,1.851849998,97.3160044,72784,1,182.2733538,125.3865452944,48.7,0.7487,0.2784,4.1546,3.568,1.1337,14.3192,24.1304,38.2737,0.7296,3.9679,102.5155,0.9962,14.3506,5.2195,0.6696,0.1213,18.5238,0.6395,1.864,7.13,44.4069093,47.00177,2.37379078,1.1784e+11,90,87,87,88,86,7,0,0,0,0,11,1700
"192",237.838,2.981318636,64.04283544,6.603516208,76.39963792,3.086702344,81.38594528,22380,100,2469.851757,1981.84,84.8,0.98,0.02,5.63,4.11,1.1097,8.87,14.72,24.35,1.96,10.43,64.02,0.28,11.54,4.14,0.94,0.15,15.2,0.89,6.63,11,812.875621789,366.23938,6.26497638,10649800000,98,97,99,97,99,1,0,585,9,0,0.4,39
"193",135.40948,2.89872312802,75.3928906231,14.10072712197,80.551011019,9.30910084405,94.0980725514,53455.79,48.639,457.9349295,448.1,53.8,0.4535,0.3414,4.1074,3.3692,1.2085,10.2416,17.6894,28.7955,0.6368,3.3605,83.8136,2.036,13.1367,5.2612,0.604,0.158,15.8542,0.6739,2.4058,7.99,416.1641708,11.266529,12.43375206,9.32e+09,70,78,72,71,91,0,0,0,0,0,14,14
