"","share_of_people_who_disagree_vaccines_are_important_for_children_to_have","share_of_people_who_disagree_vaccines_are_safe","share_of_people_who_agree_vaccines_are_effective","general_hospitals_per_million_population_oecd","not_for_profit_privately_owned_hospitals_per_million_population_oecd","psychiatric_care_beds_per_1_000_population_oecd","publicly_owned_hospitals_per_million_population_oecd","out_of_pocket_expenditure_per_capita_on_healthcare_ppp_usd_who_global_health_expenditure"
"1",2.09669366,4.470985575,95.97216632,21.1679,0.9564,0.5335,15.3474,144.16689
"2",1.670224002,15.84816122,73.89177299,14.5859,2.5547,0.7031,13.9718,440.42001
"3",3.702127351,11.27569803,64.46481095,18.1831,1.6067,0.6505,15.2161,289.74506
"4",6.42840202096,11.19317904172,73.7287206717,13.1115,4.6134,0.6621,14.0211,2164.9558
"5",2.22027340219,13.87122040562,82.7187379973,16.9436,2.0092,0.578,14.1519,65.277954
"6",2.48665856814,10.81394034329,79.9823648156001,14.6513,1.8075,0.6039,14.4713,268.01904
"7",1.212598334,4.845372479,89.458929,19.3325,1.0456,0.523,13.1459,245.00212
"8",12.17313418,20.57026165,55.14177206,22.866,4.2952,0.9807,19.83,720.97192
"9",3.276187107,6.906214946,90.24709053,38.77,4.71,0.42,28.73,838.4942
"10",11.78723186,21.05363097,68.44639721,13.19,4.43,0.61,16.71,920.96967
"11",8.316148363,11.22187567,69.48001549,14.3839,4.1041,0.6603,15.4267,936.67621
"12",1.69935972971,9.1940104671,80.8779030086,14.5894,1.9761,0.5522,15.1991,471.66946
"13",3.58820302308,12.31985326872,81.3291919837,14.6236,2.0901,0.4308,14.1769,615.72601
"14",0.396651362,0.908196083,97.81296397,18.7363,1.1714,0.534,12.181,63.223766
"15",3.87675371119,10.21522457682,78.795242922,13.5655,2.3851,0.4864,14.7418,557.15704
"16",7.597193224,14.77494701,45.85111337,20.7227,1.9355,0.9386,18.1429,374.66376
"17",4.700652608,20.63709549,82.61066723,10,11.76,1.36,3.51,840.12659
"18",1.90790285526,10.47876836589,81.4410540516,16.438,1.9613,0.4897,15.1705,118.64302
"19",1.794186452,14.01966423,88.56086681,19.8526,1.1871,0.4222,15.2575,34.203602
"20",1.777991454,13.10435207,79.09922514,15.1882,2.2875,0.6265,14.4824,115.56576
"21",5.866728907,8.300703246,76.4682,14.2139,1.3988,0.6484,15.7098,315.49902
"22",3.825546888,9.001017043,85.24354003,15.2351,0.9932,0.4157,15.0528,51.02795
"23",0.504578666,9.042356185,80.66170174,14.5311,1.5825,0.5879,14.13,393.65927
"24",2.48725289353,12.61567021416,80.8935830991,15.1772,2.1469,0.6041,14.8303,125.25507
"25",6.922498454,15.61304414,56.86154774,22.1509,3.1243,0.9858,19.4764,711.14771
"26",2.869976837,20.75256443,83.90067419,15.8976,2.0232,0.5829,14.8064,34.698746
"27",0.661125647,6.529531228,91.08010345,18.5737,0.8373,0.4142,13.091,12.152169
"28",1.821170138,13.10581138,82.47290506,17.0899,2.3354,0.5831,14.6639,113.57147
"29",5.370012878,8.322632874,82.25039568,16.05,3.0585,0.34,19.48,670.91956
"30",2.06514887511,13.84405147679,82.774100194,17.1836,2.0548,0.5778,14.0699,71.923409
"31",2.81052920681,14.33534435182,83.2198626746,15.566,2.0151,0.5556,14.1987,12.615376
"32",4.344118015,10.0500689,84.99356568,14.8926,1.6473,0.4337,14.1614,56.241741
"33",3.98514653,11.37743281,77.73035681,13.44,2.8454,0.1,11.43,613.57904
"34",1.868376767,8.290823545,78.84430858,15.8932,1.3054,0.5901,16.2263,246.86253
"35",0.582169118,10.70378513,81.89031228,14.6087,2.2114,0.4998,14.0749,156.01645
"36",1.308382738,7.505970773,93.11858028,21.2797,0.9339,0.439,18.4729,90.556938
"37",2.207636832,17.50763411,91.48989263,20.0759,1.0456,0.4699,16.1339,88.853043
"38",1.037113384,5.810229365,86.75535083,14.9472,1.1083,0.5068,12.946,276.40625
"39",1.484182932,16.35067072,87.80202892,17.1236,1.2737,0.4975,14.948,68.291847
"40",4.352767471,6.794648185,65.43009934,18.4993,1.8939,0.6006,14.595,251.05083
"41",2.48532484845,10.51630662454,80.0478711738001,14.9693,1.7192,0.5862,14.6804,246.126216406
"42",6.016327191,9.859631777,70.76774244,13.7091,4.5542,0.6241,15.556,937.77203
"43",2.81052920681,14.33534435182,83.2198626746,15.566,2.0151,0.5556,14.1987,12.715207
"44",2.36310731,8.979714929,85.26314262,14.5943,1.7041,0.47,14.1377,697.55823
"45",2.92027208343,14.29320745047,83.4937491501,15.5426,1.8475,0.5401,14.0959,29.903355
"46",0.12714161,4.905058752,91.57457995,19.221,0.846,0.535,12.1602,381.37183
"47",0.895799755,5.392728845,86.18514637,15.8155,1.1017,0.5605,12.2331,428.47943
"48",0.309066032,0.588238907,96.04877244,18.6669,1.2662,0.5889,12.2805,306.79916
"49",0.827741254,11.38611622,82.106565,14.5267,2.2086,0.4947,14.0299,161.16724
"50",4.05139762581,10.04195450341,75.8194067869,13.5246,2.5367,0.5679,14.5086,568.37732
"51",5.720150799,13.48992364,61.8998173,15.94,2.28,0.53,15.18,429.6655
"52",0.14044208,2.54309192,97.06544075,18.7363,1.1714,0.534,12.181,24.804361
"53",2.06514887511,13.84405147679,82.774100194,17.1836,2.0548,0.5778,14.0699,70.953873
"54",1.680263603,7.991680632,83.40066361,23.6,2.5849,0.39,30.5,794.92712
"55",9.758586958,33.29384552,67.9628897,28.65,10.17,0.84,20.4,308.73276
"56",2.645818692,25.85800036,79.14494466,15.4695,2.6293,0.658299999999999,15.2925,124.56293
"57",2.818174006,4.782896295,87.22423468,16.0834,0.9714,0.5482,12.7847,23.163185
"58",3.634566646,9.573974821,77.59259553,14.8266,1.2796,0.5364,15.339,411.42606
"59",4.291943979,12.87886921,83.00843987,19.26,11.74,1.28,9.5,671.1239
"60",2.763845301,3.492985667,88.1140543,17.4569,0.8992,0.5356,13.3679,90.020622
"61",1.679683227,3.587050176,84.70523902,16.18,0.46,0.74,11.62,781.69025
"62",0.842762166,7.285190797,86.70960649,15.7207,1.1835,0.4665,13.6546,247.54504
"63",3.588067094,14.05135618,86.72317424,15.2292,1.2183,0.4564,14.0456,31.166372
"64",3.32627530756,12.50581521931,80.09372658622,14.7828,1.9757,0.5817,14.5833,37.274281
"65",1.98754095038,10.35600259874,80.7679415079,15.0112,1.7115,0.5442,14.9071,136.16254
"66",1.717215017,20.39307286,84.26116016,16.1479,1.6039,0.5419,14.7074,43.579815
"67",0.262917427,5.889666745,89.09822901,18.6716,0.8351,0.4287,12.9876,173.59322
"68",1.274012043,2.632851949,78.28436887,14.64,2.91,0.87,13.24,555.2157
"69",0.881542112,21.26700693,96.83309818,22.96,0,0.37,22.96,700.42822
"70",1.352926787,1.995294987,94.76563158,19.2659,1.2037,0.5562,13.0879,154.66501
"71",3.010707634,5.737725649,70.12477932,16.3506,1.2939,0.706499999999999,14.0208,189.93916
"72",1.716036984,9.154814714,85.58886417,14.8448,1.4469,0.4645,14.6631,500.40799
"73",2.939514949,4.446227372,90.54279908,19.791,0.7383,0.5734,14.0763,367.85107
"74",3.935820977,9.355552291,85.90951591,11.65,2.7127,0.34,14.3884,809.01556
"75",0.88202389,4.820923171,83.58291107,5.07,2.93,0.4,4.17,686.99359
"76",8.231379081,13.71469477,84.85658922,14.83,0.53,0.09,7.12,765.02649
"77",2.13614679126,13.31313180969,80.8105776344,15.4263,2.0291,0.6241,14.7989,121.21803
"78",4.739243635,8.347281956,61.72242978,58.03,4.3047,2.62,12.14,576.96307
"79",0.973810325,3.153373732,91.83455661,19.1878,1.1384,0.5241,12.7678,142.87909
"80",3.718647336,10.3336845,55.25625108,21.8668,1.456,0.9042,21.2359,350.55191
"81",1.31194462,5.300983921,86.65312956,15.8264,1.1086,0.5351,13.2593,52.449409
"82",2.153418538,4.097016132,87.22819906,16.0221,1.0199,0.5712,12.8069,428.12521
"83",4.382050751,8.841450211,70.95965617,15.9332,1.7875,0.5798,14.8843,138.24355
"84",5.949013577,17.0717777,50.47089579,13.9,0,1.25,23.17,594.9317
"85",0.155654273,3.348813152,86.14449314,15.6311,1.1786,0.5892,11.8586,358.2995
"86",3.15108171698,14.44028569058,77.0416922615,15.0613,2.0451,0.6378,14.165,42.327137
"87",2.031008316,2.505175939,68.13656507,17.244,1.9271,0.638,13.5803,25.088203
"88",5.662988163,9.027480215,74.41592349,13.0776,2.2252,0.5659,14.0596,230.01372
"89",2.48532484845,10.51630662454,80.0478711738001,14.9693,1.7192,0.5862,14.6804,246.126216406
"90",4.237066367,8.280441649,60.44408469,25.81,0,0.99,30.05,601.2337
"91",4.617740176,12.3730704,81.22242945,6.58,10.28,0.74,8.57,679.28198
"92",2.288021446,10.40111937,91.13901044,19.2795,1.1373,0.3781,16.0884,16.622654
"93",0.922581649,3.840526239,93.98977943,18.3053,1.0409,0.5185,12.1714,11.881274
"94",3.123561604,2.804414366,89.13826035,20.0358,0.9126,0.5817,14.222,370.69351
"95",1.81570741581,9.24544308574,80.1244213697,15.055,1.6361,0.5693,14.9351,247.58975
"96",2.225519326,17.1458224,86.73361624,15.2117,1.3085,0.5028,14.8822,54.852081
"97",2.016089401,6.252081044,84.33553014,17.66,3.1911,0.5853,15.3853,1287.7975
"98",1.832958504,9.6241817,81.22913385,16.3737,1.743,0.5231,15.5119,85.419205
"99",1.744295152,17.02140053,84.21656366,15.4484,1.4836,0.5866,14.2946,556.64081
"100",1.003724047,6.539340492,90.73352713,18.6642,0.15,0.03,11.26,417.28952
"101",6.880686774,10.74900774,48.94585184,24.1124,2.0053,0.9921,21.0303,238.01622
"102",2.29396165999,11.3654562468,79.8177362743001,15.0417,1.7225,0.5567,14.6489,206.57016
"103",6.923310581,13.43791788,52.23004196,24.2789,2.2367,1.0426,20.9657,304.52347
"104",1.665594377,3.873115668,75.94501769,15.5148,1.5912,0.719699999999999,13.0741,231.06967
"105",1.000706274,4.376628804,76.8353969,15.4243,1.8469,0.683599999999999,12.7318,4.3641877
"106",0.72673444,4.199570654,92.56822421,18.915,1.0037,0.5137,12.1323,197.51004
"107",4.444738826,11.16687438,78.6203996,14.2212,2.5132,0.4999,14.2649,78.47451
"108",1.048351541,3.303721329,85.84539108,15.2465,1.2936,0.5541,11.9371,90.96965
"109",5.665388279,16.95792187,76.49254636,4.44,7.82,0.91,0,650.96637
"110",5.612593004,9.809272194,82.04965287,10.9,5.96,0.3,17.27,422.60583
"111",0.375851358,2.770323364,90.24229532,18.5065,1.2185,0.5083,12.0626,146.10959
"112",4.174073069,7.241705941,91.90016094,22.4006,0.8414,0.432,18.6725,35.789703
"113",3.237375922,4.9520462,80.92018016,15.5773,1.1883,0.6659,13.4912,155.4747
"114",1.923139822,5.672668284,93.22316795,25.9388,3.0182,1.07,21.1265,887.98853
"115",2.43741684895,12.8481245373,82.5066540694,15.5358,2.2534,0.5829,14.6847,104.14493
"116",2.048896381,4.48254764,87.1201023,15.9241,1.1192,0.5474,12.6065,89.383614
"117",1.570896565,5.074907607,83.74548712,15.708,1.4436,0.6156,13.2128,470.90369
"118",2.79450960773,14.46475962264,83.149775737,15.566,2.0151,0.5598,14.1987,5.6810246
"119",1.697453577,7.960701128,79.03654747,15.4497,1.284,0.595,16.3641,264.27051
"120",3.121639456,17.46744447,69.91956511,15.3062,2.2839,0.689999999999999,15.4032,207.45259
"121",5.130115078,13.90519241,86.23393266,14.7824,1.6169,0.4655,13.4104,172.83017
"122",4.148356811,5.265834808,84.56692082,25.31,0,0.65,15.71,396.16248
"123",0.989262723,5.142860342,69.12951856,16.6,5.63,0.64,10.78,735.89484
"124",2.20875574002,10.24140149292,82.0386654935,15.2359,1.7407,0.5361,15.5561,242.92445
"125",4.578165028,12.88616864,74.28533652,13.9384,3.3037,0.6303,13.5799,232.00484
"126",9.4713641,23.61144764,61.48502592,23.8945,3.959,1.012,18.6752,515.22107
"127",0.626441374,1.638061847,98.66094322,18.7363,1.1714,0.534,12.181,37.179249
"128",4.36522277188,10.72747819879,76.9254143662,13.3788,3.6581,0.532700000000001,13.1511,673.5119
"129",3.36702510255,11.89467595717,80.54659304862,14.5718,1.6489,0.5616,14.4526,35.996059
"130",1.308725088,2.732971172,83.49132373,15.8552,1.8523,0.6312,12.5237,467.57504
"131",2.716341588,14.74161457,81.01150969,15.3435,2.0761,0.6156,14.726,42.894653
"132",5.377880369,9.233046412,73.36397391,12.4265,2.8548,0.574,14.1375,537.25604
"133",0.653627709,3.92525476,93.03010582,18.915,1.088,0.514,12.0175,98.019753
"134",2.117348819,3.045648006,76.94395752,16.4336,3.8565,0.7239,14.4125,1161.4761
"135",2.6178205,6.388160352,80.30219642,13.24,1.4945,0.81,13.5617,380.29736
"136",5.80245495,12.28595453,79.52356645,5.81,0,0.66,12.58,342.3797
"137",2.48532484845,10.51630662454,80.0478711738001,14.9693,1.7192,0.5862,14.6804,246.126216406
"138",4.661810314,8.989362561,79.89208724,13.816,2.4168,0.493,13.9076,83.637741
"139",5.103353577,7.88782279,69.95927227,16.9514,4.1008,0.603,17.0737,940.44543
"140",3.09644808892,14.41732052622,76.8868705095,14.9191,2.054,0.646,14.2078,43.657784
"141",5.00635976,7.039002198,79.81514869,12.13,2.6,0.36,7.38,771.09918
"142",0.668497162,7.046222648,87.27026723,15.3587,1.1797,0.4406,13.381,135.6982
"143",2.07835337094,10.06755079338,82.779381302,16.7,1.8069,0.4859,15.1064,175.13531
"144",2.43741684895,12.8481245373,82.4928259896,15.5358,2.2534,0.5829,14.6847,103.195
"145",2.198213879,12.27445226,84.30726656,16.7734,2.3259,0.43,15.6913,804.94183
"146",9.2555687,21.54384886,76.66151452,12.07,5.4894,0.93,13.2425,2149.3345
"147",2.75693823283,12.74818280627,81.7768435205,15.384,2.2527,0.5767,14.9057,85.753609
"148",0.673757537,0.892688266,94.70880313,18.7363,1.1714,0.5377,12.1186,121.52
"149",0.583005908,2.29331399,91.62572786,18.9104,1.2185,0.5006,12.0205,25.233082
"150",1.212679891,3.004244503,93.65955808,18.9045,1.2006,0.5592,13.0376,75.361549
"151",3.061218588,25.01030975,69.79410638,17.3319,2.4578,0.6849,15.8179,48.73756
"152",4.16787259042,12.17626384447,80.3717186601,16.0475,2.7811,0.4855,15.9927,822.86584
"153",2.633111366,5.060910814,79.64929272,14.8342,1.1831,0.7633,13.7064,307.94397
"154",3.460505912,5.890945262,86.79386391,17.48,0,0.05,11.57,168.79961
"155",1.631230651,8.528302665,80.86251597,16.3043,1.5491,0.5333,15.1878,56.105515
"156",4.289513483,15.26527319,49.92415276,24.8481,2.2559,1.0052,21.1138,224.43942
"157",2.452531891,4.379337596,85.20114693,15.9066,1.097,0.5866,12.8729,431.54056
"158",3.550782864,8.731762141,85.65273244,11.39,2.1887,0.38,14.3897,613.17255
"159",6.065628933,11.08898779,84.06384961,13.75,9.15,0.21,4.25,1056.9528
"160",2.356830526,10.75892578,74.8942538,14.6311,1.8846,0.6446,14.5808,282.98938
"161",0.481913574,3.322893256,95.39644889,18.7824,1.0685,0.5276,12.2913,163.58907
"162",0.149682439,4.056766995,93.54830111,18.5004,0.9566,0.55,12.0788,265.49927
"163",1.396909176,8.115222817,73.29346956,15.7725,1.535,0.6098,16.1622,145.36028
"164",1.832942182,3.062775585,81.48479282,15.6649,1.7014,0.6716,13.2057,116.98312
"165",2.340405547,10.27586541,79.19620189,14.9944,1.6541,0.578099999999999,15.1617,55.894348
"166",0.568950086,3.765832379,91.64147991,18.8147,1.0867,0.4924,11.8154,47.00177
"167",2.981318636,6.603516208,76.39963792,14.72,0.28,0.94,15.2,366.23938
