"","total_confirmed_deaths_due_to_covid_19_per_million_people","share_of_people_who_disagree_vaccines_are_important_for_children_to_have","share_of_people_who_agree_vaccines_are_safe","share_of_people_who_disagree_vaccines_are_safe","share_of_people_who_agree_vaccines_are_effective","share_of_people_who_disagree_vaccines_are_effective","share_of_people_who_agree_vaccines_are_important_for_children_to_have","all_causes_disability_adjusted_life_years_who_2015","share_of_population_covered_by_health_insurance_ilo_2014","current_health_expenditure_per_capita_ppp_current_international","health_expenditure_per_capita_ppp_world_bank_2016","haq_index_ihme_2017","beds_in_for_profit_privately_owned_hospitals_per_1_000_population_oecd","beds_in_not_for_profit_privately_owned_hospitals_per_1_000_population_oecd","beds_in_publicly_owned_hospitals_per_1_000_population_oecd","acute_care_beds_per_1_000_population_oecd","dentists_per_100_000_population_oecd","for_profit_privately_owned_hospitals_per_million_population_oecd","general_hospitals_per_million_population_oecd","hospitals_per_million_population_oecd","long_term_care_beds_per_1_000_population_oecd","long_term_care_beds_per_1_000_population_aged_65_oecd","midwives_per_1_000_live_births_oecd","not_for_profit_privately_owned_hospitals_per_million_population_oecd","nurses_per_1_000_population_oecd","physicians_per_1_000_population_oecd","psychiatric_care_beds_per_1_000_population_oecd","psychiatrists_per_1_000_population_oecd","publicly_owned_hospitals_per_million_population_oecd","surgical_specialists_per_1_000_population_oecd","hospital_beds_per_1_000_population_oecd","years_lived_with_disability_ihme","public_expenditure_on_health_per_capita_in_developing_countries_ppp_world_bank_wdi_2017","out_of_pocket_expenditure_per_capita_on_healthcare_ppp_usd_who_global_health_expenditure","public_expenditure_on_health_percent_gdp_owid_extrapolated_series","total_gross_official_disbursements_for_medical_research_and_basic_heath_sectors","bcg_immunization_coverage_among_1_year_olds_who_2017","hepatitis_b_hep_b3_immunization_coverage_among_1_year_olds_who_2017","dtp3_immunization_coverage_among_1_year_olds_who_2017","polio_pol3_immunization_coverage_among_1_year_olds_who_2017","measles_mcv_immunization_coverage_among_1_year_olds_who_2017","number_of_confirmed_tetanus_cases_who_2017","number_confirmed_polio_cases_who_2017","number_of_confirmed_pertussis_cases_who_2017","number_of_confirmed_measles_cases_who_2017","number_of_confirmed_diphtheria_cases_who_2017","estimated_deaths_due_to_tuberculosis_per_100_000_population_excluding_hiv_who_2017","estimated_number_of_deaths_due_to_tuberculosis_excluding_hiv_who_2017"
"1",39.277,2.09669366,94.23702014,4.470985575,95.97216632,1.831128534,97.55130501,68970,14.154,183.9278576,161.2170073,32.5,0.826,0.3559,3.5168,3.8375,1.0855,15.2855,24.7911,37.4156,0.7264,4.302,81.9533,1.9949,12.8104,4.9949,0.7136,0.0955,20.9477,0.6536,1.4328,8.46,56.9698437,144.16689,2.93283372,1.6701e+11,86,78,78,77,68,74,28,432,1154,0,37,12000
"2",169.226,1.670224002,63.8383973,15.84816122,73.89177299,8.965412329,96.60526854,29903,23.6,773.6782919,539.28,78.2,0.4737,0.2312,4.469,3.7914,1.2116,6.8487,14.4668,23.3932,0.823699999999999,4.3245,79.9895,2.179,12.3669,5.1734,0.7747,0.1428,15.523,0.7412,4.4989,9.83,332.0318551,440.42001,2.93637328,2.01e+09,99,98,98,98,98,0,0,6,0,0,0.4,10
"3",44.035,3.702127351,63.02047699,11.27569803,64.46481095,7.702427731,83.81193234,34790,85.2,1031.16964,778.08,63.7,0.5463,0.0633,4.91829999999999,4.3492,1.2253,7.5762,18.2015,24.7987,0.911699999999999,4.4774,65.4405,1.5106,11.7638,4.8404,0.8614,0.1333,17.7045,0.6851,4.9155,11.34,748.739616,289.74506,5.24414553,3e+08,99,95,95,95,95,0,0,0,63,0,8.2,3200
"4",931.858,3.70197124464,71.5317566133,12.43072196031,84.4455055121,4.92119102298,89.9940783729,18901.42,95.094,5948.635486,3338.03,94.6,0.5535,1.055,2.3386,3.104,1.0793,8.31490000000001,14.7496,21.6888,0.1856,1.0491,99.7762,6.7275,17.8135,5.2199,0.5943,0.2497,11.9432,0.680299999999999,3.3461,11.33,1025.025630573,2164.9558,6.341446,66571100000,65.58,94,97,97,96,0,0,16,0,0,0.5,0
"5",8.215,3.03547416451,79.9282114414,9.93919364701001,82.2380292741,8.78826678504,94.2079687975,93709,0,195.5144172,355.43,40.7,0.7857,0.1767,3.7269,3.9364,1.1575,11.4933,23.8214,33.6019,0.7631,4.1823,76.6307,2.1017,11.1065,4.7257,0.817799999999999,0.1129,19.76,0.6116,2.233,8.34,155.7003803,65.277954,2.1249122,4.999e+10,79,64,64,70,55,305,0,0,118,20,45,11000
"6",30.635,2.15471014928,73.8568741158,9.69898200665,84.1893357448,4.67414985424,94.0553852283001,27557.71,51.1,1105.111025,1020.92,66.7,0.4969,0.1605,3.8337,3.6162,1.2168,7.0787,16.1168,24.1646,0.749,4.4294,89.0275,1.6466,12.5063,5.068,0.6013,0.1244,16.7275,0.7063,3.3112,9.83,537.199033532,268.01904,3.78461068,2.6e+08,96.52,99,99,86,98,0,0,0,0,0,1.3,1
"7",657.805,1.212598334,87.67938959,4.845372479,89.458929,2.94700941,97.70317207,26808,96.8,1389.840341,1724.62,68.4,0.5875,0.1724,2.8286,2.5975,1.2004,13.3817,19.0796,31.0133,0.761899999999999,4.0067,90.3097,1.3502,10.7871,4.6927,0.365,0.1077,15.8176,0.561599999999999,1.9637,9.48,527.3702476,245.00212,2.6526738,8.1e+08,99,94,94,93,89,10,0,975,0,0,1.6,700
"8",419.474,12.17313418,42.01642181,20.57026165,55.14177206,12.46881996,73.0720456,35083,100,883.2206519,351.38,67.5,0.58,0.2531,4.983,4.0638,1.2483,9.5115,16.0587,28.0925,0.835799999999999,4.1906,60.0714,1.4109,9.898,5.3447,0.8887,0.1722,16.6022,0.806499999999999,5.4452,9.38,156.3188116,720.97192,1.92567567,5.41e+09,99,94,94,96,97,0,0,27,33,0,3,92
"9",35.49,3.276187107,83.3296256,6.906214946,90.24709053,4.085789756,91.96825373,17696,100,4491.629858,4191.09,89.8,0.72,0.56,2.55,2.8641,0.69,22.45,38.77,55.89,0.3817,2.1885,103.67,4.71,15.25,4.49,0.42,0.17,28.73,0.65,3.84,10.99,852.671525541599,838.4942,6.31659265,238228500000,80.06,93,93,93,91,3,0,22508,74,2,0.2,44
"10",111.698,11.78723186,54.85924061,21.05363097,68.44639721,11.29640511,74.59779065,19763,99.3,5138.184731,4884.62,88.2,1.01,1.22,5.14,5.45,1.0134,9.66,13.19,30.8,0.66,3.59,27.58,4.43,14.5882,5.2991,0.61,0.19,16.71,1.03,7.37,10.6,940.328332130999,920.96967,8.72502572,83502100000,90,98,98,98,96,0,0,579,309,0,0.9,78
"11",67.856,8.316148363,63.39330829,11.22187567,69.48001549,8.419121388,77.36031886,33879,2.9,1191.289459,956.65,64.5,0.731,0.2438,4.9884,3.9943,1.2271,8.7617,15.1624,26.0621,0.836799999999999,4.5295,59.2245,1.6318,11.1517,5.1484,0.7793,0.1497,18.2036,0.7973,5.1001,8.63,216.7441116,936.67621,1.23096748,5.29e+09,98,96,96,98,98,8,0,0,0,0,0.4,38
"12",335.666,2.48837423243,72.2104665689,10.57500272834,83.5437139467001,5.14742602271,93.7268004347001,30459,100,1699.052483,1688.21,68.311,0.3228,0.1062,4.032,3.618,1.2211,6.5104,14.7862,22.7404,0.800899999999999,3.9246,85.6176,1.7385,12.9151,5.0614,0.6549,0.1534,16.3925,0.7095,3.3089,8.98,589.082280326,471.66946,3.5506727,800700000,98.04,95,95,95,94,0,0,0,0,0,0.5,2
"13",185.709,2.50858188233,72.8793351232,8.48632152723001,83.5159034766,4.10966353995,92.6843334915,25533,100,2453.155914,1900.21,79,0.3251,0.2013,4.1218,3.89,1.2032,5.5555,14.0406,22.6529,0.7034,4.255,80.098,1.9898,14.9967,5.0444,0.7109,0.1711,15.9308,0.7219,4.0462,11.41,743.540496121,615.72601,3.1505003,5925600000,97.26,98,98,98,99,0,0,0,0,0,0.4,6
"14",35.449,0.396651362,97.90823204,0.908196083,97.81296397,0.44854416,98.81794736,38814,1.4,88.03535581,95.33,51.7,0.8548,0.3994,4.2025,3.9827,1.0927,14.9911,29.9156,41.9148,0.829099999999999,4.8708,93.5324,1.9682,12.9505,5.3315,0.8032,0.1095,21.6854,0.7347,3.2296,9.85,24.68329715,63.223766,0.78653251,2.2242e+11,98,94,94,94,88,559,0,11,240,6,45,73000
"15",24.359,2.60464933216,72.271477355,9.85245169397,80.5179015332,6.01394977712,92.9464030608,26768,100,1233.55044,1060.23,66.8,0.4546,0.1642,3.9677,3.7906,1.2067,6.216,15.3814,23.7589,0.784599999999999,4.3428,77.3435,1.8912,12.8113,5.1186,0.6964,0.1471,16.0817,0.7295,3.3981,9.7,580.41009982,557.15704,4.74463222,1e+07,97.79,97,97,97,96,0,0,0,0,0,0.3,1
"16",102.124,7.597193224,36.31982502,14.77494701,45.85111337,9.833909612,61.43409509,33783,100,1084.619757,1081.39,74.4,0.7324,0.2436,5.2864,4.386,1.2091,8.3804,21.5641,31.0136,1.0501,4.7378,54.5574,1.6201,9.86179999999999,5.1612,1.0048,0.1364,18.485,0.7087,6.2139,9.51,684.3948314,374.66376,3.74175525,1.24e+09,97,99,99,99,99,0,0,503,2,0,4.8,450
"17",942.309,4.700652608,62.71028788,20.63709549,82.61066723,5.335010636,88.75936965,19878,99,4782.361046,4526.08,87.9,0.7732,4.18,1.46,4.98,1.06,10.6374,10,15.27,0.1,0.55,103.74,11.76,18.47,5.84,1.36,0.17,3.51,0.6,5.64,10.8,1036.849146085,840.12659,8.24998947,90161100000,64.38,98,99,99,96,0,0,1203,47,2,0.5,54
"18",128.263,2.3171937789,71.2120976711,11.31014039949,80.3644558027,7.01146316578,94.0189075623,31420,25,523.7288925,458.24,58.3,0.4442,0.0733,4.0794,3.6292,1.2441,7.4247,15.0165,25.3656,0.809699999999999,4.3725,78.2065,1.4731,12.146,5.0798,0.7233,0.1395,17.313,0.717,3.3227,8.79,329.2105159,118.64302,3.87965784,3.19e+09,98,94,94,94,96,0,0,0,0,0,2.4,9
"19",3.382,1.794186452,81.80269816,14.01966423,88.56086681,6.608683731,97.636836,65706,9,84.46045434,81.66,43,0.6054,0.1577,3.6116,3.5552,1.1895,10.3416,20.8052,33.8382,0.7044,3.6183,91.0478,1.7862,11.8978,5.0309,0.6094,0.1074,19.385,0.696,2.2208,8.48,46.05884089,34.203602,2.25119628,4.702e+10,89,79,79,79,75,7,0,0,55,0,9.5,1000
"20",129.30249,2.72670544097,71.5915789486,11.12634478481,77.6849881744,7.2220745635,91.9312780655,44059,90,287.1286279,275.5,52.7,0.557,0.2,4.1796,3.773,1.219,8.0863,15.5206,25.2469,0.809099999999999,4.5166,75.6219,1.7505,11.6272,4.9022,0.7515,0.1365,17.0453,0.7432,3.6891,10.61,205.9553146,56.835384,2.61503965,4.03e+09,99,99,99,98,97,0,0,12,11,0,16,120
"21",742.909,1.777991454,74.19606176,13.10435207,79.09922514,8.654473793,96.10942464,44087,42.7,445.8226242,371.76,59.2,0.6574,0.2647,4.2328,3.8813,1.2163,8.732,15.4919,25.7439,0.890299999999999,4.9745,84.0561,1.9544,11.4769,5.193,0.711,0.1313,15.9432,0.7435,3.5291,9.24,304.1820414,115.56576,4.56537754,2.114e+10,99,99,99,99,99,0,0,11,0,0,3.2,340
"22",336.502,5.866728907,70.28352917,8.300703246,76.4682,6.200150659,84.86382014,24000,59.2,1101.792914,928.45,78.2,0.6212,0.1431,3.8426,3.595,1.2147,7.4445,16.789,25.4784,0.636,3.8506,58.529,1.316,10.0368,4.9848,0.7155,0.1433,15.2302,0.7704,3.4973,10.25,713.5143154,315.49902,6.81307708,5.03e+09,95,82,82,74,83,0,0,12,1677,0,3,120
"23",8.93,3.825546888,79.41785942,9.001017043,85.24354003,4.075795082,94.1695158,61513,49.617,969.9563729,851.08,51.1,0.5269,0.0568,4.0337,3.7847,1.2266,9.0751,18.6629,27.2503,0.758299999999999,4.1015,83.4817000000001,0.9863,11.3714,5.1108,0.6643,0.1142,18.6811,0.7249,3.0454,8.63,511.400578,51.02795,3.19388446,3.52e+09,98,95,95,96,97,0,0,0,0,0,26,590
"24",743.068,0.504578666,79.9810372,9.042356185,80.66170174,6.681065927,97.41521343,31632,100,1391.52257,1453.9,64.9,0.829,0.2506,3.7745,3.8057,1.1871,11.3492,20.0976,28.205,0.8164,4.274,67.6612,1.6158,10.3012,4.7714,0.765599999999999,0.1091,15.859,0.6369,2.3,9.76,612.0097642,393.65927,3.83175989,2.44e+09,99,96,96,98,99,273,0,2920,214,12,2.7,5500
"25",6.857,3.1898776435,68.9144719764,11.48181659499,77.0623225022,5.93192796738,90.7480710317001,22941,100,2083.430502,1811.61,70,0.5206,0.1788,4.5373,4.0694,1.2261,7.0012,16.1591,25.2762,0.803599999999999,4.8098,77.5662,1.5093,11.397,5.0495,0.8139,0.1525,16.2219,0.7594,4.1495,9.4,613.610057999,125.25507,2.48556787,4532900000,99,99,99,99,96,0,0,5,4,0,5.3,23
"26",167.088,6.922498454,39.54659857,15.61304414,56.86154774,6.439258374,71.44014745,28771,87,1491.868089,1212.52,71.4,0.4849,0.1009,4.8691,3.9737,1.2313,7.2188,19.3653,27.3132,0.792099999999999,3.9784,58.3208,1.3756,9.9602,5.3641,0.8164,0.1619,17.3885,0.7942,5.4548,9.43,802.0088689,711.14771,4.60763146,4273900000,96,92,91,91,92,0,0,35,0,0,1.3,90
"27",3.205,2.869976837,68.02213453,20.75256443,83.90067419,8.622097794,94.20956408,70891,1,96.10067087,109.15,42.9,0.5348,0.2861,3.9777,3.6451,1.0923,9.7908,19.4628,31.5234,0.7087,3.9718,79.8154,2.1954,11.7044,4.9744,0.6644,0.1272,19.4292,0.6848,3.043,7.86,43.0720167,34.698746,2.59397374,1.0803e+11,98,91,91,91,88,0,0,0,99,0,9,1600
"28",0.084,0.661125647,87.51567521,6.529531228,91.08010345,3.48685783,98.39638064,80027,28.4,63.73553919,61.83,40.4,0.5691,0.1596,3.7607,3.8168,1.2012,11.3494,21.2097,30.6947,0.7701,4.0449,91.2108,1.5479,12.2619,5.0012,0.6521,0.1122,19.3526,0.677,2.4341,6.83,30.74485049,12.152169,3.97372756,4.981e+10,93,94,94,94,93,3,0,0,9,0,24,2700
"29",31.02619,0.472894487,87.60302809,7.541631375,94.29418476,2.041912161,98.9268855,40007,26.1,209.6168627,228.71,50.7,0.69,0.1846,3.6632,3.8094,1.0952,11.7858,22.7074,33.7349,0.7492,4.3323,98.8856,1.7409,13.4635,5.0898,0.6875,0.0944,20.818,0.6714,1.8555,8.63,41.01956685,124.43549,1.25104201,7.057e+10,90,89,89,87,81,18,0,10,0,0,55,8600
"30",16.048,1.821170138,77.10495707,13.10581138,82.47290506,9.54639879,97.39968236,77369,2,162.8401984,138.43,44.4,0.8129,0.3653,3.6911,4.0248,1.0815,10.9705,23.5996,33.6205,0.7559,4.1405,78.0619,2.3566,11.3829,4.7977,0.8005,0.1112,19.5168,0.6628,2.3917,7.65,28.03674608,113.57147,0.93863369,9.525e+10,74,84,84,83,79,120,5,0,1809,0,30,6900
"31",264.982,5.370012878,76.43792009,8.322632874,82.25039568,5.802206573,87.49825141,18838,100,4600.088285,4759.31,87.6,0.02,0.882200000000001,2.49,1.95,0.67,0.19,16.05,19.67,0.43,2.47,4.49,5.5946,11.6,2.93,0.34,0.18,19.48,0.43,2.5,10.66,962.222361366999,670.91956,7.41193189,73743900000,67.72,55,91,91,90,4,0,3510,195,3,0.3,110
"32",169.068,2.26981369657,72.8052368183,12.17548134743,81.5609459489001,7.23849493686,94.3776551567,31195,31.529,310.4060324,279.14,61.7,0.4197,0.0867,3.8506,3.6347,1.2524,7.5487,15.4313,26.3139,0.7697,4.1544,74.0207,1.3654,11.6636,5.1243,0.6557,0.1459,17.5127,0.731,3.2079,9.41,230.3574551,71.923409,3.55722675,4224900000,94,93,93,93,92,0,0,0,0,0,5.3,27
"33",12.837,3.38875240004,78.8666739754,13.93987132354,80.927480317,11.93575561013,93.4875005712,97115,6,31.85577603,23.65,28.6,0.756,0.2238,3.3701,3.8128,1.2229,11.0646,22.5175,32.442,0.7358,3.9966,69.917,1.589,10.2737,4.6744,0.7009,0.1097,19.2044,0.5939,2.3582,6.51,12.25518172,12.615376,2.05694298,2.319e+10,74,47,47,47,49,96,0,379,150,0,45,2200
"34",5.844,4.344118015,81.13775922,10.0500689,84.99356568,7.10284335,93.12590799,94563,18.062,99.77119413,74.01,37.7,0.7582,0.2386,3.4371,3.9269,1.1848,11.2878,22.8626,33.9723,0.7017,3.6109,64.4442,1.6154,10.252,4.6204,0.7739,0.1032,17.8676,0.5896,2.1102,8.11,43.23409398,56.241741,1.97895016,2.234e+10,70,55,55,62,62,195,0,5898,418,0,23,3200
"35",733.723,3.98514653,74.19019875,11.37743281,77.73035681,6.457683704,88.91722899,21333,93.1,1903.118645,1677.6,76,0.55,0.3507,1.56,1.99,1.27,8.05,13.44,19.48,0,0.05,49.85,2.8176,2.99,2.62,0.1,0.1,11.43,0.45,2.11,10.42,1037.648624302,613.57904,3.85130942,3.4e+08,93,97,96,96,96,8,0,734,9,0,2.6,470
"36",3.293,1.868376767,72.29322724,8.290823545,78.84430858,2.833015078,90.28046099,24811,96.9,762.2437789,645.63,74.2,1.064,0.3885,4.1804,4.4717,1.0978,11.3691,21.3329,31.427,0.848999999999999,4.9438,63.3069,2.101,9.2641,4.9244,0.9462,0.1095,16.0818,0.6541,4.34,8.51,415.9885654,246.86253,3.09517428,7.943e+10,99,99,99,99,99,426,0,6658,42361,0,2.6,35000
"37",600.693,0.582169118,81.94123131,10.70378513,81.89031228,7.951823432,98.87762287,27188,87.7,852.8121654,842.7,67.8,0.5405,0.1366,2.5265,2.3553,1.1842,10.1084,16.9665,26.0078,0.5777,2.9917,76.374,1.4007,10.5101,4.4303,0.393,0.1015,14.365,0.542299999999999,1.71,9.17,724.6120706,156.01645,5.40994315,4.45e+09,90,91,91,91,94,48,0,986,1,0,2.1,1000
"38",8.05,1.308382738,89.2524814,7.505970773,93.11858028,2.558275957,98.12308712,59673,28.811,121.0422012,89.74,47.7,0.4728,0.1647,3.6822,3.3864,1.2157,10.2172,20.5199,33.0695,0.747,4.4416,95.315,1.6726,13.2366,5.2914,0.6073,0.1253,19.4741,0.6976,1.7811,8.25,32.98878699,90.556938,2.21732035,2.28e+09,73,80,80,81,81,0,0,0,0,0,7.8,61
"39",16.672,2.207636832,75.14630293,17.50763411,91.48989263,3.431957516,96.17708656,70611,23.183,202.6585841,241.76,43.5,0.7171,0.1628,3.5785,3.7976,1.1968,10.5124,22.0734,31.6612,0.7605,3.8389,92.4987000000001,1.5106,11.6893,4.9142,0.6323,0.1013,18.9296,0.6528,2.6456,8.25,265.6838266,88.853043,4.21192085,9.32e+09,85,80,80,80,80,14,0,21,1359,0,49,2300
"40",260.889,1.037113384,86.36932242,5.810229365,86.75535083,5.342327278,97.91496029,23017,100,1286.462817,1369.03,72.9,0.3792,0.2659,2.7601,2.4481,1.1574,7.3683,16.1155,23.4462,0.49,2.7632,90.9570000000001,2.3932,12.1142,4.6505,0.4137,0.1388,13.4478,0.653,1.13,9.82,1017.045124,276.40625,6.76760152,3.3e+08,83,92,92,92,93,1,0,20,0,0,1,49
"41",4.625,1.484182932,76.95228843,16.35067072,87.80202892,7.825140704,96.74763536,88856,1.2,189.6011903,171.77,42.4,0.6456,0.1096,3.6273,3.8978,1.1688,10.0961,21.3929,31.8409,0.7465,3.7506,92.6252000000001,1.7773,12.0379,4.9435,0.7277,0.1148,18.9969,0.6405,2.4778,7.72,54.76612122,68.291847,1.67853849,5.166e+10,79,83,83,81,72,9,0,0,65,0,22,5000
"42",114.487,4.352767471,56.77457914,6.794648185,65.43009934,3.972600637,77.67208662,24063,97,1656.426156,1516.85,81.6,0.5049,0.067,4.909,4.2065,1.2274,6.9007,15.3188,23.4378,0.825899999999999,4.279,60.628,1.0033,9.74870000000001,5.0126,0.7163,0.1661,15.4768,0.8014,5.4273,9.94,747.799746654,251.05083,6.38828759,8e+07,98,94,94,94,93,3,0,57,206,0,0.8,33
"43",11.301,2.53440491569,72.8940397987,9.97451665462,81.5639655296,5.6406070863,92.5729419019,25180,100,1805.479624534,1828.43,73.5,0.4749,0.148,3.8437,3.807,1.2075,6.4049,16.5121,24.5114,0.654,3.6755,74.0475,2.5771,12.7442,5.0579,0.7348,0.161,15.207,0.7386,3.7104,9.73,891.564630651999,379.386058999,10.57366249,2.01e+09,99,96,99,99,99,1,0,0,0,0,0.4,47
"44",28.542,6.016327191,62.19919645,9.859631777,70.76774244,6.188590336,85.23998814,15789,65,2136.797759,2196.98,85.3,0.5356,0.328,3.8381,3.7668,1.1738,6.5945,16.0941,23.6782,0.6027,3.2062,58.4878,2.5432,12.049,5.1263,0.8269,0.1665,15.72,0.831199999999999,4.5881,10.28,907.152823164999,937.77203,3.33201922,6912700000,92.44,97,97,97,90,0,0,2,0,0,0.1,1
"45",3.394,2.67611635094,81.3361552196,10.591033397,79.7673476229,10.5510966432,95.198887653,92831,10,33.97361777,26.19,40.4,0.8872,0.439,3.6958,4.0548,1.0744,13.6751,29.0173,38.9966,0.7553,4.3244,75.2817,2.4765,11.2252,4.6563,0.8013,0.1126,19.5354,0.6163,2.3585,8.45,11.97140719,12.715207,1.59835647,5.183e+11,74,81,81,78,79,330,0,0,5020,0,66,51000
"46",122.406,2.36310731,69.7737173,8.979714929,85.26314262,4.085631741,92.37400934,20451,100,5083.20928,4552.4,85.7,0.05,0.11,2.34,2.42,1.43,5.3726,13.8933,22.7358,0.04,0.22,57.6,6.0627,18.23,6.22,0.47,0.19,11.8356,0.63,2.5,10.95,1010.527275802,697.55823,9.15873411,6256500000,70.28,85.82,93,93,91,1,0,962,9,1,0.4,20
"47",61.741,3.40573440302,72.8284913493001,14.25970828504,80.0050844131,9.8659136933,93.450487125,64677,30,146.6987696,246.84,44.7,0.4396,0.1125,3.9199,3.5802,1.2154,7.8674,16.7465,28.1555,0.6945,3.6983,71.2531,1.6245,11.9492,4.7698,0.6191,0.1393,18.3601,0.7225,2.5445,8.1,221.8761764,29.903355,6.75084759,6.23e+09,92,84,84,84,74,0,0,0,47,0,39,350
"48",121.94631,2.34093585498,71.8193209275,10.66583265321,79.6855316604,7.3876772144,93.9543012793,36477.96,13.4,585.7253903,596.85,58.1,0.5183,0.1831,4.1634,3.701,1.222,6.991,15.0308,24.1118,0.794299999999999,4.4851,76.5484,1.7471,12.9566,5.1263,0.7117,0.1354,17.0261,0.6922,3.41,8.86,414.2121935,166.41263,3.76797285,9e+07,98,98,98,98,96,1,0,0,0,0,4.7,3
"49",205.201,0.12714161,89.44088705,4.905058752,91.57457995,2.761394869,99.4468944,29597,26.5,873.1177009,631.39,62.5,0.6029,0.1843,3.3436,2.928,1.1768,12.4446,20.1274,32.7550000000001,0.766999999999999,3.8853,94.0291,1.41,12.7631,4.9414,0.4279,0.0952,17.1699,0.5835,1.607,9.22,389.74611,381.37183,2.92737565,3.73e+09,99,81,85,87,90,37,0,69,0,1,4.6,490
"50",713.482,0.895799755,85.87054365,5.392728845,86.18514637,5.772119139,98.1566526,29357,22.8,980.2299724,788.92,61.2,0.5773,0.2194,2.6416,2.362,1.1926,12.2651,18.9212,31.4957,0.609,3.0279,99.3991,1.5175,11.0129,4.6031,0.3676,0.0914999999999999,14.7811,0.5549,1.5886,9.63,518.7177101,428.47943,4.50815657,2.73e+09,88,78,78,84,84,49,0,7,0,0,3.1,490
"51",60.801,0.309066032,97.1536923,0.588238907,96.04877244,0.599805509,99.41408505,35784,51.1,495.1650809,539.13,61,0.7167,0.2642,3.9874,3.6369,1.1999,11.1267,18.2498,29.8586,0.783,4.5554,89.0523,1.9408,13.3274,5.2627,0.5541,0.1338,17.5946,0.764,2.7052,10.09,228.1501341,306.79916,2.1553845,1.337e+10,96,93,93,93,92,8,0,0,5432,0,0.2,220
"52",148.315,0.827741254,77.96172392,11.38611622,82.106565,8.155796274,96.41792479,36007,21.6,578.4609406,539.19,64.4,0.5053,0.1327,3.6761,3.5644,1.232,7.9065,16.2365,25.5766,0.7359,4.229,80.9974,1.6709,12.1522,4.7455,0.5673,0.1396,15.4435,0.7296,2.7015,8.99,373.1684974,161.16724,4.46950833,3.15e+09,96,91,91,92,95,6,0,0,0,0,1.9,120
"53",59.16,3.38183035427,71.6363265223,14.7927140595,83.1908677918,8.97325592453,93.4180418684,82201,54.856,789.5788502,1170.09,48.4,0.4843,0.3393,3.4384,3.2993,1.2638,8.16240000000001,15.9804,25.2323,0.6666,3.0757,85.1973,2.8058,11.4352,4.8105,0.5621,0.1355,15.6304,0.6598,2.783,8.81,1326.115878,568.37732,2.93271044,8.8e+08,48,16,16,17,27,1,5,0,1250,0,7.5,63
"54",28.08127,3.05315080883,73.0910357542,15.03459254108,80.1842657652,9.10164951436999,93.0277677174,57089,36.154,56.22672246,36.29,38.1,0.6843,0.1078,4.0215,3.7874,1.2133,9.13260000000001,17.496,28.0171,0.7458,3.9392,73.4019,1.3491,10.9818,5.1756,0.7287,0.1359,18.5039,0.7238,3.3352,7.5,121.1606548691,29.448942,1.52746401,1.188e+10,97,95,95,95,85,7,0,31,198,2,12,600
"55",55.03,5.720150799,50.21347153,13.48992364,61.8998173,6.580439926,77.49983822,26242,92.9,1886.814387,1452.64,81.4,0.24,0.12,4.34,3.45,1.38,5.31,15.94,22.77,0.91,4.73,68.36,2.28,10.45,5.15,0.53,0.18,15.18,0.85,4.69,10.41,753.007907817,429.6655,5.0283959,4064600000,95,91,93,93,93,0,0,77,4,0,1.9,25
"56",167.19056,3.56478213886,75.2717528527,10.48215300936,79.2516218579,7.06925243704,92.4274102951999,29834.74,79.721,967.098521667,865.3939628,66.811,0.6069,0.0752,3.5155,3.355,1.1961,8.911,16.9248,28.5112,0.703,3.4038,70.9716000000001,0.9825,9.81340000000001,4.5992,0.5618,0.1076,16.2998,0.5668,2.4855,9.7817,588.6445561316,285.63562111,3.5191241533,3812800000,92.97,89.16,90.61,89.89,91.94,8.07,-9.99200722162641e-16,247.22,138.66,0.39,4.901,757.6
"57",12.569,0.14044208,96.12753998,2.54309192,97.06544075,1.943768403,99.67081396,54964,19.182,65.60194586,68.53,44.2,0.908700000000001,0.4957,3.4525,3.7773,1.0723,15.5845,29.3327,41.2108,0.7438,4.6465,85.4944,2.5607,13.2768,4.9712,0.7991,0.1041,20.695,0.6813,1.7106,7.72,43.22003541,24.804361,2.86756675,3.9209e+11,75,86,86,85,78,0,1,733,17745,125,26,25000
"58",2.231,4.81774970794,66.3434878704,14.00543288339,70.1593602844,8.64066011957,85.3673761985,39681,100,331.3576231,328.38,46.6,0.6344,0.2242,5.2384,4.201,1.2021,8.101,15.9393,26.5854,0.918499999999999,4.8919,62.5477,1.6391,10.6476,5.1912,0.917699999999999,0.1468,18.595,0.796,4.9653,8.17,259.7041295,70.953873,2.95320811,1.428e+10,99,99,99,99,94,0,0,0,0,0,7.1,64
"59",63.891,1.680263603,72.84051343,7.991680632,83.40066361,4.230976916,93.88415206,19843,100,3996.436879,3604.12,89.6,0.15,0.5841,3.13,2.8,1.01,14.34,23.6,44.84,0.41,1.95,85.96,4.2064,19.69,3.84,0.39,0.24,30.5,0.56,3.28,11.21,898.863211262499,794.92712,7.28981427,146967300000,98,90.59,98,98,97,0,0,165,2,1,0.7,37
"60",544.493,9.758586958,47.03626005,33.29384552,67.9628897,18.27989793,76.15425916,19104,99.9,4542.307106,4333.58,87.9,1.45,0.84,3.68,3.09,0.959,14.99,28.65,45.55,0.47,2.45,59.4746,10.17,14.3987,4.916,0.84,0.23,20.4,0.48,5.98,10.64,848.885114076599,308.73276,9.02451437,244359900000,78,83,98,98,91,10,0,36,157,14,0.8,520
"61",24.262,2.645818692,62.64785775,25.85800036,79.14494466,11.6396426,95.29926592,58498,57.6,480.8514802,734.68,51.4,0.5229,0.1486,4.0366,3.694,1.2334,8.2661,17.6318,28.7456,0.7568,4.2004,83.5644,1.7986,12.4915,5.1459,0.7396,0.1381,18.9336,0.7032,3.3766,8.94,458.9874768,124.56293,2.35058092,3.29e+09,98,80,80,79,68,0,0,0,27,0,65,1100
"62",49.241,2.818174006,87.50210734,4.782896295,87.22423468,5.213783925,92.74473434,62697,99.9,114.0747188,98.78,49.7,0.6174,0.1151,4.2086,3.7973,1.2232,9.41960000000001,17.9278,27.2442,0.766799999999999,4.2856,92.9368,1.3517,11.6087,5.2811,0.6564,0.1376,18.1946,0.7354,2.9,9.07,82.67680977,23.163185,5.04561252,2.127e+10,98,97,97,96,97,0,0,0,71,0,20,400
"63",63.422,3.634566646,69.49966185,9.573974821,77.59259553,5.148996766,89.91528431,29323,25,717.7162423,696.99,62.1,0.5068,0.0671,3.9791,3.6288,1.2158,9.0565,16.0383,27.9072,0.709,3.6356,59.7789,0.5773,9.0441,5.008,0.6495,0.1324,17.4681,0.7163,3.2551,8.9,143.1046901,411.42606,1.55273054,3.98e+09,96,94,94,91,96,4,0,176,431,1,3.9,160
"64",121.539,4.291943979,67.15740011,12.87886921,83.00843987,3.21214016,88.76598762,19224,100,5356.811177,4811.82,86.4,2.43,2.31,3.26,6.02,1.18,16.08,19.26,37.31,0,0,59.2006,11.74,15.6544,6.1,1.28,0.27,9.5,1.18,8,10.7,920.690447119999,671.1239,8.69723732,88163200000,63.41,88,96,95,97,8,0,9000,2464,14,0.4,320
"65",10.17,2.763845301,87.18449314,3.492985667,88.1140543,5.966645583,95.39723777,58375,73.9,249.328504,214.25,49.7,0.6042,0.3111,4.0613,3.8619,1.0836,13.702,24.8126,37.5585,0.7698,4.0289,96.0777000000001,2.0214,11.8555,4.7998,0.7353,0.1061,20.0088,0.6762,1.9639,8.08,87.32533546,90.020622,2.12888509,1.4816e+11,97,88,88,88,89,0,0,21,23,0,37,10000
"66",56.893,1.679683227,78.51626394,3.587050176,84.70523902,2.464642189,94.14578654,19627,100,2204.354384,2512.67,87,1.38,0.08,2.74,3.6,1.23,13.67,16.18,25.76,0.57,2.66,91.0771,0.46,13.157,6.07,0.74,0.25,11.62,1.32,4.21,10.34,838.972158463,781.69025,4.98503919,22727800000,50,96,99,99,97,6,0,17,1,0,0.8,92
"67",161.36596,2.32995548683,71.2832862409,12.29542538391,80.1794821879,7.2268414715,94.1969410107,36670.39,7.4,677.4662958,728.8,58.3,0.4538,0.1048,4.2165,3.6874,1.2299,7.4104,14.9624,24.6608,0.775999999999999,4.2106,80.6321,1.8991,13.01,5.1701,0.7263,0.1304,17.1053,0.6914,3.486,8.87,358.6275771,386.43213,2.82735742,2e+07,97.08,92,92,99,99,0,0,0,0,0,1,1
"68",204.571,0.842762166,87.26356488,7.285190797,86.70960649,7.372393618,97.91416321,37079,30,443.9018463,466.59,55.7,0.4937,0.1835,3.6615,3.3202,1.1854,10.6115,17.4786,30.9302,0.7384,4.0802,92.3677,1.771,12.4569,5.0834,0.5408,0.1281,17.6388,0.6543,1.7947,8.89,174.7741773,247.54504,2.33472902,4.64e+10,89,74,74,90,99,0,0,83,0,1,2,320
"69",5.406,3.588067094,78.28265399,14.05135618,86.72317424,7.321238014,91.28956166,72518,0.2,57.19135929,58.92,38.6,0.7724,0.3259,3.672,3.8732,1.0999,12.4482,23.5851,36.5444,0.7225,3.7208,91.8328000000001,1.8678,10.276,4.6516,0.7571,0.1098,18.2618,0.6238,2.3085,7.76,33.5831067,31.166372,2.73624478,1.3984e+11,72,51,51,42,52,75,0,0,243,0,28,3600
"70",20.833,3.03599908597,75.2205325139,15.93984317457,80.396010225,10.99464993959,95.2148887627,83441,1.6,100.2957262,78.51,36.3,0.5442,0.1568,3.6277,3.6274,1.208,9.40350000000001,19.2219,30.7032,0.7234,4.0257,78.3024,1.8163,11.3628,4.9225,0.6641,0.1169,18.5694,0.6714,2.5937,7.37,16.12130603,37.274281,1.14512231,1.847e+10,94,80,80,78,69,0,0,0,153,0,85,1600
"71",151.292,2.39505829309,71.7284803922,12.22612080496,80.9059705046,8.31897904985,94.1980480414,55470,23.8,336.1484296,425.81,49.8,0.4384,0.1305,4.1932,3.6859,1.2249,7.9693,16.0214,25.5051,0.808399999999999,4.5629,73.874,1.6817,11.7744,5.0595,0.6535,0.1306,17.7541,0.7343,3.2733,8.57,226.3245947,136.16254,3.11969809,1.79e+09,99,95,95,92,99,0,0,0,0,0,14,110
"72",20.346,1.717215017,71.62930719,20.39307286,84.26116016,10.22286769,97.9966925,61717,3.1,120.1457421,160.45,38.5,0.7145,0.18,3.5736,3.7035,1.1004,10.5549,22.0844,32.9212,0.7415,4.0525,82.0229,2.2571,11.9075,4.8562,0.6804,0.1153,19.3208,0.6711,2.5762,8.07,27.15050735,43.579815,1.55951642,5.685e+10,81,60,60,56,53,13,0,4,0,32,18,2000
"73",266.442,0.262917427,89.17671285,5.889666745,89.09822901,4.654412512,98.89187268,33106,12,353.3645701,400.36,53.9,0.5935,0.1893,3.4081,3.1841,1.1959,12.1372,19.1313,31.7349,0.7416,3.9804,93.6847,1.4731,12.5015,5.0022,0.5156,0.1256,17.5855,0.6598,1.6948,8.4,217.9336469,173.59322,4.41783425,3.594e+10,88,85,85,85,87,17,0,30,0,0,1.1,85
"74",163.348,1.274012043,76.69854953,2.632851949,78.28436887,1.346355494,90.43864089,28707,100,1912.069053,1839.01,79.6,0.02,0.21,6.96,4.27,1,1.2,14.64,16.86,1.22,6.54,62.57,2.91,11.8,5.68,0.87,0.15,13.24,0.68,7.02,9.92,830.392068751999,555.2157,4.88308191,63317700000,99,95.94,99,99,99,2,0,6,0,0,0.8,76
"75",32.234,0.881542112,60.67672771,21.26700693,96.83309818,1.201608509,98.47210776,17257,100,4116.171894,3645.82,93.6,0,0,2.91,2.37,1.21,0,22.96,22.96,0.36,2.55,127.52,0,29.55,7.74,0.37,0.24,22.96,0.74,2.91,10.79,749.6792411104,700.42822,7.17970594,3.0983e+10,74.12,82.96,92,92,93,0,0,4,0,0,2.1,7
"76",86.963,1.352926787,95.44130778,1.995294987,94.76563158,1.797547144,97.56002443,47950,12.5,237.7234161,214.68,44.8,1.0182,0.5675,3.4986,3.9055,1.0668,16.7601,29.7403,42.9197,0.7537,4.5493,80.418,2.6509,12.7381,4.8844,0.7674,0.0965,20.68,0.6248,0.53,9.66,79.92530276,154.66501,1.40723762,3.9127e+11,87,87,87,86,87,2268,0,25206,25488,2365,36,480000
"77",49.4,3.010707634,83.50510671,5.737725649,70.12477932,11.5503756,92.82274625,36015,59,369.2864404,293.3,49.2,0.9855,0.4257,3.615,4.0069,1.0459,14.2418,23.3756,34.8765,0.7318,4.2939,68.4403,2.4981,10.0203,4.5197,0.8034,0.1043,20.0088,0.5876,1.04,8.71,113.6514151,189.93916,1.0755363,9.857e+10,77,81,81,82,69,1032,0,2082,15099,430,40,1e+05
"78",396.45,1.716036984,68.51595655,9.154814714,85.58886417,2.58893329,93.89081137,30911,90,1261.730503,1414.5,71.1,0.8982,0.2291,3.7773,3.7877,1.217,9.1951,16.3544,24.8956,0.823399999999999,4.5223,80.2652,1.8312,13.3444,5.1008,0.7384,0.1246,15.7516,0.6347,3.5991,11.15,493.9709191,500.40799,2.84080215,3.48e+09,99,98,98,98,99,11,0,145,615,28,1.7,1400
"79",266.617,2.939514949,89.96511468,4.446227372,90.54279908,3.872680777,96.17976188,38798,51.699,481.0398448,695.34876,60.1,0.7304,0.2225,2.8826,2.6245,1.2033,12.2019,20.2217,32.724,0.7059,3.5615,82.6808,1.2609,11.7217,4.5932,0.4354,0.0991,17.4578,0.5645,1.8218,10.17,509.6175443,367.85107,3.33814899,1.166e+10,95,56,58,63,57,6,2,529,1433,2,2.4,860
"80",382.762,3.935820977,73.4504724,9.355552291,85.90951591,4.325992719,90.76895159,19319,100,5334.947576,3867.12,88.4,0.2986,0.7881,2.2453,2.77,0.67,3.95,11.65,17.89,0.15,1.15,291.99,6.031,14.76,4.82,0.34,0.17,11.7154,0.47,2.96,10.7,1055.658414355,809.01556,5.14148408,63359300000,77,95,95,95,93,1,0,118,4,1,0.4,17
"81",286.868,0.88202389,75.58244767,4.820923171,83.58291107,2.141531672,89.80407838,17719,100,2819.111414,2355.13,85.5,0.37,0.59,2.03,2.19,1.31,2.48,5.07,9.58,0.53,4.57,14.65,2.93,7.41,4.37,0.4,0.16,4.17,0.61,2.99,10.7,935.017438551,686.99359,4.75169581,12201200000,68,97,94,96,98,0,0,5338,80,0,0.2,16
"82",623.534,8.231379081,75.69166719,13.71469477,84.85658922,5.635365621,83.82051173,16957,100,3350.575515,3126.05,88.7,0.93,0.13,2.12,2.62,1.02,9.91,14.83,17.56,0.14,0.63,44.33,0.53,7.44,6.55,0.09,0.17,7.12,0.99,3.18,10.59,831.676958808999,765.02649,6.99265103,7.5381e+10,69.59,93,93,93,85,47,0,225,159,1,0.6,330
"83",66.19,1.97233523466,73.9387691992,10.1601662604,83.3015089246,5.80225944641,94.5692452248,32646,20.1,511.3773951,511.92,63.7,0.4185,0.1217,3.9454,3.4008,1.1963,8.0372,15.7588,26.0279,0.781699999999999,4.258,86.8262,1.9411,12.1747,4.665,0.5676,0.1345,17.7667,0.6587,2.4422,9.55,244.9972796,121.21803,2.80857803,1.8e+08,99,91,91,91,91,1,0,0,0,0,0.2,7
"84",13.678,4.739243635,33.99302621,8.347281956,61.72242978,3.294160814,66.4583469,15700,100,4405.131829,3741.34,89,1.1992,1.0152,3.55,7.79,1.0078,13.8548,58.03,66.39,2.64,9.51,55.7735,4.6899,13.5609,5.1714,2.62,0.12,12.14,0.9303,13.05,10.78,820.414964174,576.96307,8.55008168,229958900000,84,90.87,96,99,96,120,0,2675,35,0,2.5,3200
"85",65.47,0.973810325,91.98920648,3.153373732,91.83455661,2.337959256,98.25293901,30626,75,568.122532,760.63,76.5,0.6066,0.2284,4.219,4.0136,1.2059,9.9427,17.5112,27.3763,0.896999999999999,5.3668,97.0377,2.3411,16.1349,5.3254,0.7084,0.1639,17.8154,0.7655,3.9298,11.19,560.2797711,142.87909,5.19310195,3.763e+10,98,99,99,99,94,0,0,0,0,0,0.4,27
"86",118.285,3.718647336,45.71756253,10.3336845,55.25625108,4.869170903,75.85336513,42084,70,903.3240914,1023.48,61.1,0.7691,0.1987,4.9635,4.2491,1.232,9.1967,17.1253,27.139,0.813399999999999,4.3092,62.2454,1.2386,9.2343,5.1397,0.8599,0.1182,18.2223,0.7012,5.5331,9.08,588.3162754,350.55191,2.36790309,4.23e+09,95,98,98,98,99,2,0,74,526,0,7.8,1400
"87",17.37,1.31194462,89.23351746,5.300983921,86.65312956,7.69289343,97.51961397,62578,39.4,157.1920959,101.38,48.7,0.7669,0.3661,3.6388,3.879,1.0768,14.8994,28.476,38.2184,0.7362,3.9921,92.6538000000001,2.0825,11.7591,4.7513,0.7036,0.1038,19.6527,0.5849,1.7809,8.25,104.0305979,52.449409,3.50386606,1.9222e+11,87,89,89,83,75,32,0,0,95,0,20,9000
"88",47.35087,2.73670631823,72.325281314,14.58155081258,81.6739494097,9.41231249762,93.9888346321,66138.96,33.833,151.7928728,186.95,44.9,0.3728,0.1176,4.0323,3.5148,1.2225,8.0308,16.596,27.8461,0.7497,4.2589,70.9452,2.3107,12.3983,4.7842,0.6401,0.1436,18.7939,0.7121,2.7074,7.77,160.8924937,0.23496559,8.29102703,1.05e+09,98,87,87,76,84,0,0,0,0,0,27,30
"89",177.026,2.153418538,86.85452771,4.097016132,87.22819906,3.063248762,94.11052383,22687,100,2977.514144,2374.56,82,0.5018,0.2492,3.661,3.6843,1.2169,9.1116,15.7042,23.8157,0.6995,4.5705,98.9347,2.1002,15.3904,4.9956,0.6589,0.1788,14.8183,0.8136,3.496,11.46,739.074488771,428.12521,2.61442253,8847900000,99,99,99,99,93,0,0,35,18,0,0.1,6
"90",174.428,4.382050751,67.83130849,8.841450211,70.95965617,7.155838996,88.6996586,39969,83,286.577877,220.95,60.4,0.769,0.148,4.8967,4.1378,1.2277,8.3869,15.7809,26.043,0.781699999999999,4.2948,55.1139,1.2351,8.7301,4.9882,0.807899999999999,0.1182,17.6246,0.6667,4.5629,8.78,121.976793,138.24355,3.63943755,2.132e+10,97,97,97,97,99,0,0,90,17779,0,12,680
"91",24.42128,0.245208395,92.38492746,1.856595172,90.90268277,1.417665634,98.43094219,49556,11.6,165.8303456,95.2,44.9,0.7847,0.1945,3.6818,3.7825,1.179,13.5721,23.0127,34.2379,0.7578,4.319,89.0667,1.8739,12.9167,5.0579,0.7084,0.0946,21.0871,0.6726,1.6201,8.17,50.280944,75.229477,0.94273375,3.106e+10,83,89,89,89,88,21,0,140,56,194,49,3300
"92",33.4,5.949013577,45.45748506,17.0717777,50.47089579,9.832646135,73.22544526,29932,70,1429.309665,1310.4,77.7,0.56,0,5,3.3,1.18,9.27,13.9,32.44,0.63,3.15,43.25,0,9.8,6.18,1.25,0.15,23.17,0.7,5.57,9.85,660.4238153096,594.9317,3.71523198,30621600000,94,94,95,95,96,0,0,210,0,10,3.2,63
"93",86.441,0.155654273,83.69318337,3.348813152,86.14449314,1.108739994,96.90015876,20828,48.3,1117.255973,1092.08,80,0.4506,0.1536,2.7255,2.548,1.2061,10.4056,18.1201,28.9186,0.5411,3.5315,99.0473,1.4078,14.9582,4.9544,0.4188,0.1507,16.3892,0.6868,2.2868,11.79,431.9255119,358.2995,3.0439246,2.968e+10,88.08,81,81,75,79,3,0,53,39,0,1,61
"94",20.072,2.7069786276,74.45986254,14.5402070944,80.9032896119,9.49789447594,94.2157431018,99421,17.6,251.1429737,296.76,35.7,0.4518,0.1066,4.0245,3.7509,1.2188,8.1813,18.5877,27.6419,0.7479,4.1778,75.2789,2.2475,11.6961,5.0041,0.6796,0.1208,18.5269,0.7029,2.9171,6.49,234.9475838,42.327137,8.0821676,2.32e+09,98,93,93,90,90,0,0,0,0,0,55,1200
"95",16.213,2.031008316,96.01272649,2.505175939,68.13656507,27.58857886,97.46126715,62373,18.874,127.7707491,88.00683828,45.4,0.709,0.4432,3.9797,3.9855,1.0992,14.8495,28.1502,38.2716,0.7558,4.3776,78.2304,2.503,11.337,4.8156,0.7869,0.1159,19.7156,0.6926,2.2509,9.11,26.74511003,25.088203,3.15924304,2.1117e+11,74,52,52,52,64,2,0,0,1060,0,70,3200
"96",118.173,5.662988163,73.92569378,9.027480215,74.41592349,5.565545754,86.81511307,28906,83.849,1105.385397264,764.45,69.9,0.5623,0.0782,3.8376,3.7577,1.2038,7.9791,15.7458,25.8652,0.773299999999999,4.1234,50.3922,1.1803,9.5158,4.8267,0.6628,0.1169,17.1819,0.6407,3.4206,10.85,598.799052519,230.01372,3.65407916,1e+07,99,94,94,94,93,0,0,197,372,0,11,680
"97",26.221,3.51028020229,74.1976350287,10.42347091003,78.6684836869,6.71480197914,91.348395749,30293.55,95,894.9899335936,794.9887876,67.231,0.5064,0.068,3.6962,3.613,1.1794,8.8848,16.9251,27.4409,0.6873,3.416,73.3451,0.9274,9.6053,4.7477,0.5975,0.1223,18.665,0.6324,2.8181,9.5585,565.967363473,271.02948943,3.3753409738,3599800000,93.61,90.3,91.07,91.39,91.86,4.72,-9.81437153768638e-16,169.67,354.21,0.91,5.447,947.83
"98",51.795,4.237066367,52.37598497,8.280441649,60.44408469,4.175315335,68.97353106,30215,95,1874.615864,1578.73,76.6,0.05,0,6.5,5.47,1.39,2.83,25.81,32.88,0.5,2.55,40.59,0,9.28,5.28,0.99,0.24,30.05,1.07,6.56,9.96,709.7786902265,601.2337,4.44688961,50867500000,97,94,93,93,94,2,0,60,50,0,7.9,230
"99",234.833,4.617740176,70.82599285,12.3730704,81.22242945,6.910708635,88.74889694,18648,97.6,6381.507524,6518.22,89.3,0.6606,1.631,2.676,3.7,1.23,1.71,6.58,16.45,0,0,71.47,10.28,24.27,4.19,0.74,0.21,8.57,0.68,4.51,11.16,1077.941500093,679.28198,5.82283606,12680100000,68.58,99,99,99,99,0,0,0,0,0,0.2,1
"100",8.812,2.288021446,85.37612576,10.40111937,91.13901044,4.99719585,97.22270523,54971,3.7,76.74339356,58.14,43.7,0.8098,0.3822,3.4533,3.8425,1.071,14.102,25.3224,34.5606,0.7461,4.1515,87.7897,2.2752,12.0241,4.7105,0.7984,0.0956,18.7383,0.6255,1.5832,7.47,21.31132515,16.622654,1.47341461,1.1243e+11,70,69,69,71,58,200,1,413,3,1627,49,12000
"101",9.566,0.922581649,91.73364064,3.840526239,93.98977943,1.670127549,97.62437146,70678,18.067,108.1896442,90.27,47,0.5749,0.343,3.8009,3.739,1.0773,13.1745,25.5697,37.6576,0.7801,4.4869,98.3035,2.0822,14.1075,5.107,0.6825,0.1102,20.5296,0.7073,1.9781,7.46,70.44120082,11.881274,5.99862084,1.6338e+11,90,88,88,88,87,2,0,0,0,0,13,2300
"102",7.353,3.123561604,90.89023358,2.804414366,89.13826035,4.095827392,93.39694904,29765,100,1063.888395,938.29,66.6,0.8881,0.2801,3.942,3.8377,1.1594,12.6607,22.3102,31.9631,0.824399999999999,4.3616,84.607,1.6379,11.6437,5.0083,0.6749,0.0925,18.2239,0.6739,2.961,9.14,592.6871707,370.69351,2.30029002,6.2e+08,99,99,99,99,93,20,0,939,1318,4,7.9,2400
"103",68.45,2.68193079662,73.3233377026,10.09638180493,81.8676378816,5.55815247158,92.3755264554,25036,30,1513.882431,1259.6,75.5,0.4659,0.3799,3.6361,3.7547,1.2424,5.7968,13.5001,23.8704,0.6155,3.9146,88.7033,3.1458,12.3603,4.8968,0.6802,0.1413,14.9308,0.7085,3.8141,10.2,1348.365245,247.58975,10.75705209,1.06e+09,99,99,99,99,99,0,0,0,0,0,5.4,20
"104",6.716,2.225519326,65.50021114,17.1458224,86.73361624,4.690276192,94.31488841,75910,1.9,118.4518361,122.31,45.6,0.7143,0.3004,3.6952,3.5974,1.0972,12.2088,21.8023,35.9269,0.6762,3.4929,93.5652,1.915,12.1096,5.1062,0.6615,0.107,19.088,0.6676,2.8714,8.15,30.58858068,54.852081,1.95543294,1.3294e+11,79,68,68,76,76,19,0,0,215,0,9.4,1700
"105",124.564,2.016089401,79.49439766,6.252081044,84.33553014,5.231021171,94.33868958,19507,100,3470.896993,2651.86,85.1,0.3161,0.4207,2.984,3.2281,1.0352,6.02510000000001,14.4685,20.5773,0.3243,2.061,86.1614,3.9086,14.7025,4.9853,0.6129,0.1798,13.0978,0.700199999999999,3.404,10.5,1002.295612147,1287.7975,6.74343039,59539900000,96,95,97,97,89,0,0,0,2,0,0.2,1
"106",133.9121,3.02584546871,73.4920939627,13.99664957819,80.7610230862001,9.77592044276,94.1187691838,59818.14,47.538,862.8135206,703.13,49.8,0.4197,0.1659,4.0457,3.5129,1.2146,8.5165,16.15,29.2746,0.803099999999999,4.2301,77.3828,2.5018,12.5869,4.7451,0.6302,0.1468,18.251,0.6963,2.645,8.51,556.5526682,85.86377,14.44916839,2.1e+08,99,85,85,85,75,0,0,0,0,0,44,23
"107",35.056,1.832958504,74.21991728,9.6241817,81.22913385,5.227755681,90.54428792,58285,6,177.0806661,137.66,52,0.4481,0.0703,3.6193,3.5413,1.2146,8.12470000000001,17.5112,29.0267,0.7131,3.8838,73.8953,1.3432,10.0488,4.7386,0.5981,0.1135,18.9531,0.6196,2.4161,9.17,72.79678754,85.419205,1.87101626,1.33e+10,85,73,73,67,70,2,0,0,1,0,21,840
"108",7.863,1.744295152,62.93665164,17.02140053,84.21656366,5.42960616,95.70872582,30076,100,1098.625455,863.89,65.7,0.4843,0.1222,4.5515,4.0142,1.2301,6.7721,16.4908,24.6436,0.810399999999999,4.419,80.0732,1.744,12.3889,5.3372,0.8202,0.1387,17.851,0.7412,4.1907,9.72,454.7446172,556.64081,2.36468574,1.8e+08,98,97,97,98,99,0,0,1,0,0,1.5,19
"109",696.596,1.003724047,88.97181011,6.539340492,90.73352713,4.762752716,98.15518788,26763,85.6,1008.676198,1061.13,62.6,0.36,0.4199,1.02,1.38,1.1222,26.1,21.2326,37.51,0.6872,2.8818,97.8692,0.15,11.3327,4.2521,0.03,0.01,11.26,0.16,1.38,9.32,560.8251266,417.28952,3.25955157,9.6e+08,96,82,87,87,97,27,0,1107,0,0,2.1,2600
"110",423.901,6.880686774,44.33838283,10.74900774,48.94585184,7.265897063,65.59667679,35472,75.7,515.3230735,553.35,73.1,0.55,0.125,4.9282,4.1843,1.2279,9.006,19.8485,31.1743,0.962099999999999,4.4421,60.3324,1.472,10.1821,5.2336,0.9349,0.1395,18.773,0.7494,5.2645,8.97,266.1060597,238.01622,5.30398831,1.13e+10,97,88,87,88,89,0,0,50,0,0,7.7,310
"111",25.482,3.45915698156,72.768259293,10.2429714998,82.8814124714,5.08783911639,90.7737429968,21435.03,88.466,3406.868928,6122.51,84.539,0.3175,0.5893,3.1511,3.7492,1.1871,5.0619,12.5846,20.5197,0.4274,2.432,85.2867,4.0311,16.6517,4.6219,0.6592,0.1713,15.033,0.6535,3.8582,11.0122,946.432417939999,206.57016,3.84109846,17760200000,89,99,99,99,99,1,0,5,5,0,0,0
"112",132.81554,4.258527637,74.43747462,15.97529209,88.99625331,5.249929689,93.17876539,42935,81.9,469.563584,566.83,58.5,0.791,0.244,4.0705,3.8343,1.2144,8.6217,17.1865,26.3223,0.782899999999999,4.2442,85.2847,1.6824,11.8945,4.916,0.7114,0.115,17.4566,0.6676,3.4235,8.21,314.7894229,184.5154,2.62057288,4.9e+09,99,99,99,99,98,0,0,0,20359,0,22,640
"113",437.855,6.923310581,44.35211798,13.43791788,52.23004196,7.032891017,68.04478747,26702,95,957.0148208,926.37,80.7,0.5036,0.132,4.3363,4.048,1.2231,7.3907,17.5841,26.6506,0.898699999999999,4.2384,66.3919,2.0731,11.3398,5.1487,0.8036,0.1452,15.5764,0.759,4.8674,9.91,565.1460656,304.52347,3.66738093,9e+07,88,82,89,89,64,0,0,0,0,0,0.4,3
"114",93.334,1.665594377,79.86947394,3.873115668,75.94501769,4.317192776,94.78751829,38061,42.3,435.2900287,438.24,61.3,0.8161,0.2418,4.2857,4.2059,1.1969,10.6644,18.845,26.8707,0.962299999999999,5.3014,84.0102000000001,1.7499,13.0354,4.9167,0.851399999999999,0.1045,16.8454,0.6818,4.0428,11.03,150.580693,231.06967,2.00132628,3.89e+09,99,99,99,99,99,23,0,72,17,0,9.4,3200
"115",2.848,1.000706274,91.18510944,4.376628804,76.8353969,9.172431708,97.17655254,88491,13.986,63.74393076,70.98,43,0.7921,0.4149,3.9015,3.9776,1.0791,15.2291,30.819,42.0395,0.7825,4.52,81.4804,2.2062,11.5611,4.7846,0.8011,0.1102,19.6251,0.6542,2.2079,7.94,44.77314529,4.3641877,3.93673477,2.3915e+11,95,80,80,80,85,281,0,0,79,0,74,21000
"116",21.081,0.72673444,91.49710827,4.199570654,92.56822421,3.110229716,97.96921356,48793,25.627,267.2280328,36.66,48.4,0.8246,0.3107,3.6483,3.8375,1.0866,13.3235,24.8464,34.7304,0.7395,4.1711,99.2991,2.0897,13.568,5.0215,0.8109,0.0966,20.4653,0.685,1.757,8.46,51.01666168,197.51004,1.0448998,9.451e+10,86,75,75,76,86,73,0,5,6,87,49,27000
"117",52.343,4.444738826,83.5422949,11.16687438,78.6203996,15.70631506,94.24239902,48404,28,942.4741866,749.37,53.7,0.5784,0.1589,3.7632,3.7368,1.2074,9.737,18.662,28.1304,0.6682,3.5599,71.3169,1.7414,10.4234,4.7643,0.6349,0.1211,18.2047,0.664,2.6243,8.3,536.2708304,78.47451,5.3571377,4.04e+09,94,92,92,92,85,0,0,0,212,0,32,780
"118",142.45439,2.43007411643,73.4704460703,11.72783486857,81.5633611814,7.41833191464,93.8228675613,39490.17,36.972,1063.905425,659.4739,59.728,0.3734,0.0953,4.0921,3.6129,1.2234,7.9345,15.8307,26.0982,0.795899999999999,4.2529,81.2732,1.7192,12.5243,5.0148,0.6318,0.1448,17.9175,0.7044,2.9438,8.98380000000001,445.1313499996,13.349661,2.86766633,7.54e+09,99,91,91,91,98,0,0,0,11,0,9.2,1
"119",30.065,1.048351541,92.11685934,3.303721329,85.84539108,6.805773021,98.24326382,43324,0.1,150.5903691,134.6,50.8,0.951000000000001,0.3616,3.5287,3.9271,1.0561,14.5403,24.2352,35.4829,0.722,4.0151,82.0058,2.2615,11.4704,4.569,0.7826,0.1032,20.4438,0.6093,1.7163,9.49,56.10234496,90.96965,2.33781912,9.946e+10,94,91,91,90,85,888,0,4416,1599,26,20,5600
"120",416.227,5.665388279,67.63927552,16.95792187,76.49254636,10.82331752,90.18115883,18770,98.9,5313.243391,5601.11,89.5,0.6457,3.32,0,2.92,0.57,23.99,4.44,31.81,0.29,1.58,25.29,7.82,11.74,4.54,0.91,0.23,0,0.42,3.32,10.94,973.682251524999,650.96637,9.48113273,116763500000,67.31,94,95,95,95,0,0,8960,140,0,0.2,34
"121",5.184,5.612593004,72.10683775,9.809272194,82.04965287,6.628885679,87.07706163,18742,100,3530.096913,3405.16,86.2,0.31,0.1,2.2,2.59,0.61,10.69,10.9,33.92,0.02,0.14,50.56,5.96,11.58,3.5,0.3,0.19,17.27,0.71,2.61,10.68,890.339624785999,422.60583,9.08265634,73376300000,75.57,92,92,92,93,1,0,1168,10,2,0.2,10
"122",23.549,0.375851358,92.87534922,2.770323364,90.24229532,3.758582133,99.44766517,33239,12.2,405.9922707,381.76,64.3,0.6094,0.2486,4.1047,3.7603,1.1885,10.4834,18.0043,28.8785,0.7376,5.0007,92.5213,1.7528,13.0398,5.3498,0.6425,0.1373,17.1499,0.7805,2.9919,9.35,252.6905829,146.10959,5.09579767,1.948e+10,98,98,98,99,99,3,0,36,0,0,2.5,150
"123",2.85,4.174073069,86.76437259,7.241705941,91.90016094,3.445577981,93.9277193,70093,3.1,68.46968478,60.25,41,0.8627,0.224,3.6725,3.9866,1.0766,12.9738,23.9999,34.2589,0.7394,3.8148,89.4726000000001,1.9282,12.4714,4.8753,0.7063,0.1007,20.3578,0.6408,1.8107,7.66,30.53475865,35.789703,2.38630659,6.702e+10,77,65,65,65,73,24,0,0,7693,0,19,3800
"124",5.506,3.237375922,91.14849163,4.9520462,80.92018016,15.96620222,96.21776329,84764,2.2,215.223799,217.1,51.3,0.9743,0.6546,3.4633,3.933,1.0478,15.8535,27.683,38.7429,0.6917,3.6542,67.9495,2.5898,10.4155,4.4433,0.7315,0.115,18.0437,0.5856,1.802,8.74,54.80384636,155.4747,0.92253513,6.9788e+11,68,56,56,55,54,53,35,6592,12423,0,99,180000
"125",140.46638,3.28277263809,72.6930297233,10.83138710545,77.4724448289,7.69690322518,93.3362131389,36756,53.647,525.2299975187,503.1710172005,62.3,0.6281,0.0949,4.4423,4.2789,1.2251,8.80270000000001,18.1581,25.6217,0.809399999999999,4.5217,79.2246,1.593,11.3974,5.0924,0.873999999999999,0.1202,17.3214,0.6495,4.0705,7.84,352.341026376,174.814446117,3.8320175836,2.36e+10,97,96,96,99,98,0,0,0,0,0,61,15000
"126",167.19056,3.56478213886,75.2717528527,10.48215300936,79.2516218579,7.06925243704,92.4274102951999,29834.74,79.721,967.098521667,865.3939628,66.811,0.6069,0.0752,3.5155,3.355,1.1961,8.911,16.9248,28.5112,0.703,3.4038,70.9716000000001,0.9825,9.81340000000001,4.5992,0.5618,0.1076,16.2998,0.5668,2.4855,9.7817,588.6445561316,285.63562111,3.5191241533,3812800000,92.97,89.16,90.61,89.89,91.94,8.07,-9.99200722162641e-16,247.22,138.66,0.39,4.901,757.6
"127",51.649,1.923139822,83.20643864,5.672668284,93.22316795,2.733297377,96.46415387,19615,100,6221.641638,6307.78,90.5,0.8184,1.3699,2.74,3.2,1.37,12.8599,16.6436,30.1147,0,0,78.14,7.459,26.34,6.46,1.07,0.26,15.5841,0.57,3.6,10.61,917.406779262999,887.98853,8.3096182,38248900000,64.29,88.41,95,95,95,2,0,1902,14,2,0.2,11
"128",235.576,2.4019118235,70.3403643001,10.17465416488,79.1228995709,5.40024307469,92.0346956695,27260,97,1635.870769,795.79,77.1,0.4147,0.2025,4.2233,3.9908,1.2014,6.0333,13.5472,22.1786,0.843399999999999,4.839,75.758,2.1037,12.804,5.0088,0.7095,0.1381,14.5854,0.6983,4.3402,10.76,645.997759605,104.14493,3.19022858,2.5e+08,99,99,99,99,99,0,0,120,0,0,0.5,24
"129",30.599,2.048896381,87.46708615,4.48254764,87.1201023,4.363841243,92.95755059,50534,26.6,134.4414606,126.33,43.1,0.7548,0.4273,3.6787,3.9488,1.0839,15.5928,30.3156,41.8357,0.7336,4.179,94.2521000000001,2.0863,11.7972,4.6899,0.7702,0.0956,20.6816,0.5847,1.6688,8.98,44.41218036,89.383614,0.91881147,2.0375e+11,85,72,72,72,61,667,323,0,386,9,23,44000
"130",253.74097,2.69360186758,72.3716659567,9.84446544711,80.8579088541,6.10616333323,92.2634136899,26689.48,78.56,1611.489044,1287.55,73.283,0.3339,0.1734,2.9591,2.5876,1.2142,5.5732,15.3788,23.8864,0.5936,3.1147,70.0167,1.808,12.3346,4.5229,0.479,0.1518,15.1306,0.6619,2.6379,10.054,913.4388848,226.84311,6.53197026,1.5e+08,92.6,90,90,89,95,0,0,0,0,0,6.2,1
"131",614.17,1.570896565,87.0117918,5.074907607,83.74548712,5.632541832,96.14010546,27476,51.8,1542.796273,796.08,64.4,0.4085,0.3225,2.8467,2.433,1.2048,10.339,17.0725,28.0819,0.6002,2.9419,95.7964,2.2267,11.3867,4.6851,0.425,0.1293,14.5799,0.6458,1.9648,9.54,1242.110614,470.90369,5.87836609,3.23e+09,99,73,73,72,90,0,0,9,0,0,6.1,240
"132",0.782,3.13325208128,75.7316093476,15.36682409345,81.7931875871,10.07211100371,94.6817359125,59322,34.39,98.58088454,114.06,38.6,0.5339,0.2133,3.7019,3.8876,1.0955,9.58940000000001,20.4377,31.1889,0.758,4.086,83.38,2.4967,11.5658,4.8279,0.777,0.1236,17.5644,0.6788,2.5954,7.67,99.42352141,5.6810246,3.46554272,6.417e+10,65,62,62,63,60,0,0,0,38,0,40,3100
"133",186.049,1.697453577,77.71853639,7.960701128,79.03654747,8.33697707,96.55910239,30862,23.6,724.3116252,724.33,60.4,0.4745,0.1233,4.19,3.7538,1.227,8.399,16.7528,27.3402,0.822899999999999,4.4654,79.1042,1.5002,11.1716,5.1286,0.6411,0.139,17.2616,0.7738,3.1352,9.52,403.2017812,264.27051,4.50224038,5.62e+09,99,93,93,89,83,3,0,32,0,0,4,260
"134",1038.977,3.121639456,70.20276962,17.46744447,69.91956511,15.37898786,94.65921348,26911,64.4,671.0036469,626.2,69.6,0.5988,0.2827,2.6827,2.8691,1.1933,10.353,18.3173,29.6439,0.6527,3.3577,83.1012,1.4903,10.2882,4.5588,0.4354,0.1056,15.7995,0.5954,2.2976,9.9,403.6246729,207.45259,3.31875118,9.5e+09,91,90,90,88,92,22,0,119,4,0,6.2,2000
"135",64.363,5.130115078,78.73598856,13.90519241,86.23393266,8.878665282,93.43471143,41446,82,322.7779997,287.33,52,0.7376,0.347,3.7396,3.9051,1.0702,11.312,23.1314,33.6751,0.7321,3.8782,83.7705,2.4725,11.3831,4.7312,0.7705,0.1082,19.3648,0.6596,2.3221,8.46,113.1863607,172.83017,1.61468522,9.55e+10,80,60,60,79,82,880,0,5,619,9,13,14000
"136",121.94,4.148356811,77.59000688,5.265834808,84.56692082,3.961528701,89.29095657,25415,97.5,1704.195989,1550.72,79.6,1.78,0,4.85,4.85,1.09,9.72,25.31,27.86,0.02,0.1,93.77,0,7.69,3.85,0.65,0.09,15.71,0.54,6.62,10.33,785.345976324,396.16248,4.5076396,91628800000,94,96,98,92,96,14,0,2183,84,0,1.4,540
"137",232.526,0.989262723,80.76637384,5.142860342,69.12951856,8.31421332,96.44636303,19815,100,2661.397049,2507.79,84.5,0.36,0.7,2.33,3.25,1.01,5.44,16.6,21.84,0.4415,2.5101,74.3104000000001,5.63,12.6749,4.97,0.64,0.13,10.78,0.73,3.39,10.47,997.545456604999,735.89484,6.15818911,61405800000,32,98,98,98,98,0,0,230,8,0,2.1,210
"138",79.832,2.72845465221,72.9646384488,9.45039302478,83.5483535413,4.42339240452,92.5009345086,22923,100,3900.286232,2882.33,85.2,0.3066,0.3714,3.5639,3.7833,1.2018,5.5776,12.5034,19.8936,0.5095,3.3359,89.0583,3.2179,15.3149,4.7522,0.6597,0.1724,13.9676,0.7221,3.8162,11.71,943.915092344999,242.92445,1.87539141,7781800000,97,99,99,99,99,0,0,0,18,0,0.3,7
"139",341.725,4.578165028,65.21081461,12.88616864,74.28533652,6.003139346,89.42052721,28496,94.3,1090.416516,988.16,74.4,0.5625,0.1635,3.8721,3.5609,1.2253,6.7142,15.8775,24.5517,0.756,3.746,64.1587,1.4507,9.0432,4.7527,0.6363,0.112,16.0361,0.6375,3.2596,9.69,930.5565843,232.00484,4.47447755,2313600000,98,90,89,89,86,7,0,93,4,0,5.5,1100
"140",182.198,9.4713641,44.63316828,23.61144764,61.48502592,11.99016161,77.27611037,39906,88,1414.028282,1586.56,71.7,0.980900000000001,0.4211,4.8715,4.574,1.0941,9.3684,17.954,29.4078,0.8101,4.1023,50.0353,2.3095,9.438,5.2037,0.9084,0.164,16.5864,0.7371,8.05,8.96,926.2270062,515.22107,3.69092281,68587100000,96,97,97,97,98,13,0,6452,843,2,11,15000
"141",2.702,0.626441374,93.53981408,1.638061847,98.66094322,0.647665643,98.49394064,54160,91,143.1853392,161.76,47.8,0.8212,0.3612,4.2698,3.8043,1.096,11.09,20.2295,31.596,0.886799999999999,4.9518,100.4733,2.2676,13.6225,5.4943,0.6676,0.1214,18.9755,0.7622,2.9998,8.3,47.90486804,37.179249,2.86940115,8.313e+10,99,98,98,98,97,6,0,0,1,0,3.8,440
"142",122.17887,2.73801975011,71.9542506696,9.83281356558,84.0252864053,4.76838008245,93.4609244126001,30307.93,28.8,1442.733631,1332.32,65.949,0.452,0.0923,3.8277,3.4991,1.2411,7.2204,16.1327,25.0203,0.6914,3.554,84.3515,1.054,13.4077,5.1362,0.642,0.1551,17.4235,0.7319,3.3035,9.6907,600.882892702,817.19995,2.14460502,3e+07,95,94,93,90,95,0,0,0,0,0,2.5,1
"143",169.78489,2.01515246573,72.4308982103,11.23233337497,79.5214149783,6.62747667263,94.1793551839,29848.99,35.5,681.3680759,897.64,62.5,0.4789,0.1966,4.216,3.7479,1.2182,6.5444,14.6791,22.9031,0.852499999999999,4.6886,80.0168,2.0263,12.8842,5.1288,0.7026,0.1363,15.4048,0.6995,3.5223,9.75,383.5099396,329.6796,3.59929525,1.9e+08,99,99,99,99,97,0,0,8,0,0,0.7,1
"144",170.57804,2.30341594565,72.2387695153,11.21030429269,80.2179771949,7.43672478745,94.2514282499,39009.01,9.4,469.5055234,554.51,57.5,0.4634,0.1905,4.2267,3.7992,1.2131,6.2933,14.9264,23.1148,0.862499999999999,4.5802,79.7206,1.8502,12.9447,5.1218,0.7218,0.1341,16.5934,0.6926,3.7571,8.94,476.1162821,100.68762,4.38522311,2.1e+08,99,98,98,97,99,0,0,0,0,0,1.5,2
"145",136.37455,2.36645859112,73.2209573434,11.63360990288,84.0893748455,5.86079174923,93.935356063,37942.03,39.505,335.8615542,379.39,62.1,0.4078,0.094,3.7828,3.3972,1.2168,7.5863,16.2973,26.2569,0.7302,3.8318,79.4254,1.7415,13.2897,4.7679,0.5681,0.1429,17.1835,0.6845,2.4703,9.02,380.3740371,38.628162,6.53686898,5.16e+09,83,59,66,61,69,0,0,0,1,0,0.9,2
"146",1237.551,3.37758790603,72.5596050889,10.15903861052,83.7649388152,6.15725559118,90.9790695326,22062.25,84.411,3674.645142,3708.5,83.096,0.276,0.5504,2.3532,2.516,0.984800000000001,6.1656,13.3584,20.8183,0.2937,1.6044,111.4535,4.6938,15.6809,4.2599,0.3449,0.1702,12.2567,0.593,2.6855,10.8855,1054.664694413,673.5119,5.73605882,64255200000,82.09,75,76,76,53,0,0,0,1,0,0,0
"147",68.443,2.36375995848,72.2894835192999,11.69778502292,82.0308854877,6.50639940063,93.490151412,43847.27,2.1,308.3572367,202.92,49.6,0.4928,0.0673,4.0881,3.6288,1.2349,7.0157,15.4076,25.4016,0.780599999999999,4.2258,79.6871,1.4201,12.2264,5.0523,0.6499,0.1397,17.4747,0.7369,3.2742,8.95,113.0058446,35.996059,3.61225473,3.65e+09,97,96,96,96,93,0,0,0,0,0,3.6,7
"148",153.071,1.308725088,84.51071616,2.732971172,83.49132373,3.867741563,94.51344559,27174,92.259,3121.341632,1680.59,79.4,0.604,0.2123,3.7745,3.849,1.1793,8.1713,17.2936,24.4547,0.756599999999999,4.1678,76.707,1.6291,12.4741,5.0476,0.6829,0.1341,14.8629,0.6726,3.6538,10.72,670.186656178001,467.57504,3.49078974,1e+07,98,98,98,97,98,1,0,11,219,4,2.1,660
"149",19.231,2.716341588,73.36482792,14.74161457,81.01150969,9.406832361,94.94049743,53970,20.1,97.08918675,96.4,44.4,0.5527,0.2226,3.8138,3.8658,1.0982,10.0374,20.9735,31.8524,0.7577,3.9377,83.601,1.9901,11.7126,4.7801,0.7524,0.1174,19.2135,0.6662,2.6196,8.35,56.07660558,42.894653,2.41795607,8.352e+10,95,89,89,85,80,4,0,0,58,0,23,3400
"150",117.274,5.377880369,65.95616367,9.233046412,73.36397391,5.18177842,84.24047902,28151,92.1,1323.690595,986.94,75.4,0.5343,0.1071,4.757,3.9217,1.2275,6.8038,15.2963,24.0488,0.764399999999999,3.5481,56.2448,1.3332,9.5813,5.1219,0.7304,0.1412,15.9125,0.763,4.5618,9.84,885.8648835,537.25604,6.4165056,1.15e+09,98,94,95,95,86,4,0,89,383,0,1.2,110
"151",226.07493,2.27905219193,71.757243786,11.24525573476,80.173723866,7.36645873327,93.9862032821,34928.63,50.027,867.3181766,936.89,66.1,0.4461,0.2575,4.0986,3.6522,1.1988,6.824,14.0537,23.1835,0.835299999999999,4.4794,76.5115,2.3379,13.0209,4.9732,0.6265,0.132,16.3468,0.6874,3.2501,8.73,477.327240163,21.547663,3.10724273,1.5e+08,99,98,97,97,98,0,0,0,0,0,0,0
"152",9.277,0.653627709,92.75960827,3.92525476,93.03010582,3.612389795,98.39615515,117683,0,256.3404367,228.18,41.3,0.7971,0.3581,3.7703,3.9186,1.0788,14.5138,25.5783,39.3726,0.7342,4.0976,89.4535,2.0375,12.824,4.8812,0.736,0.1002,20.2943,0.6762,1.8594,7.52,37.63821568,98.019753,1.88380186,1.4083e+11,90,86,86,86,76,11,0,23,607,0,51,3300
"153",4.786,2.117348819,76.19201145,3.045648006,76.94395752,2.87016643,85.74143969,14354,100,3681.29594,3578.05,86.3,0.725,0.2868,4.6635,4.5096,1.1731,9.61790000000001,22.3188,30.2,0.9225,4.8515,64.2063,2.1428,12.4999,5.4367,1.0709,0.1858,18.4216,0.872599999999999,6.5387,10.11,652.2622594491,1161.4761,2.05468332,35952800000,99,96,96,96,95,0,0,17,138,0,1.2,70
"154",32.237,2.6178205,73.24740637,6.388160352,80.30219642,2.391224857,84.68860603,25991,94.8,2061.950585,2146.56,78.6,0.6577,0.1254,4.4822,4.91,1.2085,6.88569999999999,13.24,24.08,0.76,5.09,60.0464,0.987300000000001,10.0309,5.0824,0.81,0.1631,16.0299,0.8066,5.82,10.09,705.647835321,380.29736,5.8395992,6127800000,90,96,96,96,95,0,0,334,1,0,0.6,32
"155",92.355,5.80245495,70.26216267,12.28595453,79.52356645,7.953757815,88.83694557,21200,100,2733.762624,2595.21,87.4,0.05,0,4.45,4.2,1.187,1.45,5.81,14.03,0.14,0.75,76.6582,0,12.749,4.8136,0.66,0.14,12.58,0.62,4.5,11.51,951.874063235,342.3797,6.62382179,2695300000,96,94.34,95,95,94,3,0,68,18,0,0.8,16
"156",66.80696,2.73519609395,70.8621719089,13.93270469525,79.2765377623,9.09266981825,93.1348405397,41888,58.304,173.0485477,106.17,43.1,0.5783,0.2207,4.5213,4.0998,1.229,7.9161,15.1341,25.2942,0.827899999999999,4.4613,75.9034,1.9845,12.0156,5.1376,0.7893,0.1456,17.7853,0.7574,4.0605,7.74,99.35328921,5.6879601,4.64048232,1.712e+10,97,98,98,99,92,0,0,0,0,0,9.8,57
"157",6.544,3.58799995367,79.9670952422999,11.4820426732,79.599514038,12.06896000141,93.9752413048,89247,13.84,170.8364274983,185.2468031655,34.2,0.8712,0.3165,3.4835,3.9773,1.0959,12.119,22.6039,33.8284,0.7255,3.9458,68.3615,2.5566,10.0756,4.6297,0.8278,0.1104,18.5198,0.6099,2.2136,6.75,71.6849935693,107.211267057,1.9119893058,5.67e+10,39,42,42,47,46,321,5,1001,7497,7,65,7000
"158",321.251,4.661810314,82.3198786,8.989362561,79.89208724,10.76211119,91.89134844,67514,100,1086.409415,1121.25,52,0.7023,0.4148,3.55,3.7339,1.0712,10.7002,18.9371,31.4309,0.7584,3.6439,83.1283,2.2692,10.0396,4.7786,0.7931,0.1235,15.7721,0.6115,2.32,8.61,555.7822218,83.637741,4.24326873,8.779e+10,69,71,69,70,76,2,0,103,17,15,46,25000
"159",8.992,5.103353577,48.65487801,7.88782279,69.95927227,2.447358564,72.30762691,17921,100,2556.046343,2398.42,85.8,0.8737,0.3354,4.3876,4.2495,1.1889,9.7464,19.5532,27.4563,0.747899999999999,4.8255,56.3678,1.5856,11.0935,5.2941,0.8623,0.143,16.3926,0.7759,5.455,10.24,729.076588677,940.44543,3.98524804,1.1346e+10,98,98,98,98,98,22,0,205,7,0,5.1,2600
"160",5.003,3.32914811513,76.3385704046,15.31224847282,80.0048662066,12.13272220813,94.4225261901,80319,12.101,71.16543519,52.01268408,38.8,0.6627,0.4831,3.7534,3.9213,1.0958,11.3271,22.2235,34.1522,0.7386,4.0729,79.556,2.7062,11.1848,4.6896,0.810399999999999,0.1242,18.2457,0.6983,2.5107,8.03,23.06684199,43.657784,1.1369163,1.1859e+11,43,31,31,41,20,4,2,3,878,9,28,3400
"161",754.96,5.00635976,79.64759426,7.039002198,79.81514869,5.863777118,87.8456352,16984,99.2,3182.544019,2845.7,89.6,0.57,0.36,2.04,2.43,0.79,6.7,12.13,16.68,0.51,2.68,23.04,2.6,6.24,5.45,0.36,0.11,7.38,0.96,2.97,10.35,963.038731267999,771.09918,6.3999919,6.1996e+10,71.47,97,97,97,96,3,0,2342,115,1,0.6,260
"162",0.887,0.668497162,86.48181964,7.046222648,87.27026723,3.529962207,98.43022036,28527,100,353.1291505,304.14,72.8,0.9168,0.2713,3.8876,3.8326,1.1787,11.0516,20.2551,29.2506,0.763599999999999,4.6937,88.8992000000001,1.5965,12.2867,5.2282,0.6589,0.1065,17.2178,0.6806,2.9611,9.66,220.1650207,135.6982,1.96395333,3.374e+10,99,99,99,99,99,15,0,107,1568,0,5.6,1200
"163",19.088,2.99758319443,71.3498073624,11.91729720546,75.2011705156999,7.60816177209,90.1037321108,59210,29.7,277.0008938,221.45,50.1,0.861600000000001,0.3423,4.0772,4.2197,1.0827,11.3681,23.0019,34.0507,0.7536,4.0596,65.5422,1.7957,8.6188,4.9412,0.9564,0.1244,20.3634,0.6699,3.8614,10.13,76.2614582,175.13531,1.80236186,1.0946e+11,88,93,93,93,87,139,0,141,3585,11,18,7300
"164",189.215,2.27162837346,73.7487293286,11.33294172587,82.8150208972,6.45173376285,94.1991028549,29901,36.724,1016.908901,743.92,56.7,0.4095,0.1006,3.7796,3.3184,1.2167,8.3007,15.6763,27.328,0.7449,4.1046,81.5176,1.4445,12.0928,4.7711,0.5721,0.1298,17.4519,0.6768,2.5505,9.1,491.6766581,103.195,2.94062408,1.77e+09,93.53,89,89,89,94,1,0,0,0,0,2.6,14
"165",585.983,2.198213879,69.84934993,12.27445226,84.30726656,3.115958424,92.76281682,18308,100,5298.603868,4243.84,90.5,0.4892,1.25,2.4531,2.04,1.73,9.37600000000001,12.5006,26.0039,0.18,0.91,107.33,7.04429999999999,19.73,6.64,0.43,0.23,12.5782,0.66,2.22,11.16,1005.402545933,804.94183,10.0246943,14755300000,24,53,98,98,98,0,0,603,22,1,0.3,27
"166",222.887,9.2555687,52.64549204,21.54384886,76.66151452,7.682226743,75.14677003,17679,100,7582.571519,6186.65,91.8,0.8096,1.8531,2.9477,3.56,1.0535,11.7378,12.07,33.25,0.13,0.71,61.4489,8.0041,17.7536,5.4281,0.93,0.52,13.9849,0.82,4.53,11.24,944.139159620999,2149.3345,7.69511736,86381800000,68.15,91.85,97,97,94,1,0,4700,35,0,0.2,16
"167",15.714,3.13285395475,70.2609093424001,16.51777183095,80.7002520322,10.23537239874,93.8117592476,43178,90,449.8459767039,168.95,74.6,0.4346,0.2385,3.7529,3.6184,1.2602,8.3839,17.2181,27.782,0.7624,4.0571,75.1147,2.3663,11.6959,4.8453,0.6519,0.151,16.0506,0.7316,2.7488,9.15,281.984811704,85.753609,1.50716579,1.105e+10,66,41,41,50,53,2,1,29,45,0,0.1,21
"168",8.493,0.673757537,91.32556177,0.892688266,94.70880313,0.781371864,96.68208741,42752,0.3,192.6961909,169.59,58.6,0.6138,0.1711,4.223,3.7716,1.22,10.325,19.2472,29.767,0.835799999999999,4.8322,94.2244,1.4792,13.058,5.6761,0.6902,0.1326,18.1646,0.7633,2.8974,8.67,53.64312639,121.52,1.98376501,2.398e+10,98,96,96,96,97,0,0,6,3,0,2.6,220
"169",0.352,0.583005908,95.53248558,2.29331399,91.62572786,4.26186043,98.93528549,63043,13,96.49687717,125.98,49.9,0.7678,0.4496,4.4061,4.1923,1.0975,13.8692,27.5838,37.3153,0.888099999999999,4.4859,94.362,2.3177,12.6724,5.1903,0.8883,0.1049,20.7516,0.7316,3.9759,7.76,66.05665098,25.233082,2.58995871,3.1549e+11,99,98,98,96,99,2,0,0,30,0,56,30000
"170",0.845,1.212679891,92.58005104,3.004244503,93.65955808,2.250121079,97.15742533,28993,98,610.1700037,658.24,70.8,0.9845,0.2887,4.0011,4.1168,1.1806,11.9888,22.8158,31.1216,0.884799999999999,4.7182,88.2472000000001,2.5339,12.455,5.3739,0.9948,0.1097,18.4539,0.7545,3.6631,9.77,885.8607806,75.361549,3.20842519,2.679e+10,99,99,99,99,99,76,0,51,154,19,12,8400
"171",107.16912,2.29827744313,74.8157900249,12.4159499171,80.9504640956,9.99732002067,94.0579033277,48768,27.154,141.275828,96.32172005,51.6,0.484,0.1303,3.4901,3.4958,1.22,9.25050000000001,17.8433,28.2295,0.6903,3.4676,79.9328,1.687,11.3654,4.8937,0.5739,0.1207,17.584,0.6591,2.1575,9.38,31.06706996,14.457674,1.33363109,1.374e+10,79,76,76,75,70,0,0,5,43,1,100,1200
"172",6.523,3.061218588,51.16570542,25.01030975,69.79410638,12.20086896,90.56253903,71808,4,95.63100552,118.93,44.3,0.661,0.1524,4.0119,3.7257,1.2121,9.8066,18.8685,31.8412,0.7358,4.0919,69.2679,1.6307,10.0393,5.2014,0.7642,0.1465,18.4493,0.6995,3.3728,7.72,28.39834433,48.73756,2.01732113,1.644e+10,86,88,88,88,85,12,0,23,20,0,6.4,460
"173",129.56069,2.00506820779,74.5492561787,10.96271353854,83.4364562197,6.12695904335,94.3150109568,40680.5,27.144,323.7626011,249.84,62.1,0.4204,0.09,3.7229,3.3173,1.2205,7.665,16.2793,26.5019,0.7263,3.8163,86.2303,1.6317,12.6577,4.8585,0.5619,0.1331,17.2879,0.6603,2.4206,9.17,226.4840835,33.086273,4.26569894,1.71e+09,89,82,82,84,67,0,0,0,0,0,1.2,1
"174",75.742,2.86927767261,72.5012824864,10.31796572164,83.0877494581,5.66194898658,93.5285713896001,38360,58.666,2204.137969,1662.9,62.1,0.3994,0.117,3.8366,3.4999,1.2305,7.4873,16.0685,25.6645,0.692,3.6261,76.4432,1.4325,13.107,5.1049,0.5657,0.1563,17.8462,0.728,3.1994,9.51,625.153602343,822.86584,3.17462752,5e+07,95.1,90,96,88,89,0,0,0,0,0,1.5,21
"175",83.174,2.633111366,77.25382584,5.060910814,79.64929272,3.295920991,91.52962184,26814,80,774.0570073,790.59,70.1,0.4948,0.1862,3.9261,3.9004,1.2015,6.7618,16.0779,22.6179,0.764799999999999,4.4165,75.6605,1.33,12.1422,5.0894,0.6205,0.1241,14.7371,0.7125,3.4395,10.85,450.7708521,307.94397,3.96881649,4.34e+09,97,98,98,98,98,4,0,4,16,0,2.1,240
"176",117.976,3.460505912,81.79293168,5.890945262,86.79386391,3.575581689,93.4521032,29027,86,995.9660375,1053.48,76.2,0.67,0,2.15,2.78,1.1541,7.33,17.48,18.9,0.5799,2.8037,86.2809000000001,0,11.5406,4.6234,0.05,0.05,11.57,0.44,2.81,11.56,824.2290395,168.79961,4.19377897,2.16e+09,95,96,96,96,94,8,0,322,342,0,0.9,740
"177",109.7492,5.391968047,85.72975256,4.851585638,84.98196013,5.319882647,90.46698076,53597,82.3,1003.781827,276.17,58.1,0.6802,0.2003,4.2446,3.7865,1.2047,9.37040000000001,17.1037,27.6266,0.7078,4.2325,68.5237,1.4412,10.7274,5.26,0.6729,0.1078,17.0505,0.6641,3.291,8.18,209.6981436,713.40161,1.34853056,2.85e+09,99,99,99,99,99,0,0,0,0,0,8.5,460
"178",135.61598,2.52618932678,72.2824432071,11.30727493916,80.1997660721,7.48446683063,93.9274467809,39565.07,41.179,523.3052197,663.22,58.705,0.5214,0.1236,4.0601,3.7195,1.2359,7.7495,14.7808,25.1192,0.838999999999999,4.3126,72.7463,2.2229,13.1319,5.0188,0.6534,0.1458,17.2259,0.6984,3.2305,8.8885,622.2637312,3.9238579,16.4047619,3.8e+08,99,96,96,96,94,0,0,0,0,0,19,2
"179",2.252,1.631230651,85.52336695,8.528302665,80.86251597,13.62793388,97.45142236,74116,2,138.5283968,145.81,42.9,0.8043,0.4381,3.7402,4.073,1.0883,14.96,30.7192,41.9957,0.758,4.3675,77.943,2.0528,11.3786,4.6984,0.8138,0.1065,19.7044,0.617,1.9642,7.86,32.40980224,56.105515,1.80125132,2.0389e+11,93,78,78,82,82,1804,0,0,478,0,14,5500
"180",150.685,4.289513483,29.2852939,15.26527319,49.92415276,7.063743363,76.4157292,35121,100,469.4283772,686.7,72.7,0.8475,0.2787,4.4745,4.3618,1.1956,10.7992,23.8808,32.9353,0.7985,4.0877,51.0432,2.0222,9.0662,5.132,0.954,0.1266,18.203,0.7603,4.7432,9.07,313.0036682,224.43942,3.60452112,5.127e+10,39,22,23,45,56,23,0,2426,105,2,11,5000
"181",48.734,2.452531891,83.58233724,4.379337596,85.20114693,3.396720601,94.05037382,25546,100,2425.795649,2233.34,72.2,0.4698,0.1165,3.8189,3.5917,1.2252,9.1241,17.243,25.6774,0.7087,3.9057,75.1118,1.2679,11.8973,5.1584,0.6395,0.1631,16.9771,0.7929,3.3291,10.43,670.449614177,431.54056,2.63615158,3492100000,96,94,94,94,94,0,0,18,347,0,0.5,43
"182",668.253,3.550782864,75.1519926,8.731762141,85.65273244,2.656245484,89.00867298,20376,100,4144.60079,3310.7,84.6,0.5248,0.3763,2.54,2.11,1.0491,8.18510000000001,11.39,28.82,0.2408,1.342,69.6675,4.0664,13.2394,3.67,0.38,0.18,12.305,0.82,2.54,10.85,1026.971821297,613.17255,7.57885017,59584800000,82.48,90.48,96,96,95,6,0,5207,91,1,0.5,300
"183",684.958,6.065628933,72.09093657,11.08898779,84.06384961,5.789617551,86.93454509,22775,84,9535.945335,9145.83,81.3,0.47,1.68,0.61,2.44,0.942300000000001,3.72,13.75,17.11,0.18,1.19,3.9,9.15,17.49,3.46,0.21,0.14,4.25,0.39,2.77,11.16,1004.4376539858,1056.9528,8.27851771,94255200000,69.48,92,95,93,92,30,0,20679,188,0,0.2,590
"184",15.545,2.356830526,72.39453213,10.75892578,74.8942538,6.837958322,94.46819233,24820,97.2,1747.771686,1714.64,72,0.4793,0.0509,3.8018,3.7603,1.2018,7.9952,16.2819,25.7732,0.7016,4.0921,71.9479,1.1964,11.6492,5.0521,0.7498,0.1518,16.5702,0.7367,3.6079,9.39,627.489783182,282.98938,6.11148431,2.1e+08,98,95,95,95,96,0,0,777,0,0,2,69
"185",16.642,0.481913574,92.34589,3.322893256,95.39644889,1.130838963,98.28823461,40253,100,382.8217102,330.24,62.3,0.6999,0.281,4.479,4.1468,1.2015,10.9144,21.0047,29.9925,0.943399999999999,5.2678,97.5771,2.0369,13.8017,5.5973,0.8534,0.1206,18.7089,0.7486,3.9767,8.49,176.5255736,163.58907,3.11124825,2.245e+10,99,99,99,99,99,0,0,0,22,0,8.8,2600
"186",51.34973,2.8560423012,69.5474531379,16.69164460177,81.9211802948,9.13368834536,93.5165902273,62859.16,100,106.0744378,115.22,43.1,0.3672,0.11,3.8326,3.5255,1.2587,6.9982,16.6462,26.9293,0.7039,3.7922,76.6385,1.6172,12.0322,5.1167,0.6727,0.1525,18.3055,0.7473,2.9779,7.91,137.4151262,9.4468813,4.51074955,5.54e+09,73,64,64,65,53,0,0,0,39,0,6.4,17
"187",27.43,0.149682439,92.22134242,4.056766995,93.54830111,2.490906241,99.57585105,29410,100,579.4147164,655.87,64.7,0.6216,0.1836,2.9859,2.9491,1.1783,11.4579,20.4307,31.8409,0.6931,3.9375,99.0674,1.7291,13.4696,5.1229,0.4019,0.0859,17.7444,0.682099999999999,1.6618,8.87,272.5255832,265.49927,1.54276595,1e+08,82,87,87,87,92,14,0,0,0,0,2.3,730
"188",0.36,1.396909176,70.84443302,8.115222817,73.29346956,3.569154881,91.72212825,29226,61,334.319988,308.3,66.3,0.988700000000001,0.2265,4.755,4.4139,1.0853,11.5912,22.0842,31.1694,0.8418,4.5426,68.1433000000001,1.6272,9.6461,5.0483,0.9574,0.1075,18.7312,0.6272,4.5025,8.64,216.0968359,145.36028,3.82001911,7.389e+10,97,97,97,97,97,360,0,309,256,15,17,16000
"189",20.117,1.832942182,84.21886745,3.062775585,81.48479282,3.218073296,93.37462924,55241,42,144.4998841,200.11,49.6,0.851,0.2713,3.2838,3.8174,1.0623,12.4311,23.4088,34.658,0.7101,3.8114,67.3195,2.313,11.0227,4.7136,0.7116,0.1104,18.9571,0.6634,2.111,10.68,50.58780509,116.98312,1.27187099,6.458e+10,47,69,69,63,67,117,0,2529,468,7,5.9,1600
"190",18.93,2.340405547,80.54475527,10.27586541,79.19620189,8.151723478,94.93797019,76189,8.4,203.0385646,191.73,41.6,0.5456,0.3539,4.0903,3.8659,1.0746,11.7493,22.328,36.7747,0.799899999999999,4.1625,84.1249,2.4632,11.6185,4.7477,0.7743,0.1175,19.7018,0.6422,2.596,7.16,104.9397687,55.894348,2.76009455,1.4342e+11,99,90,90,90,90,0,0,0,9,1,31,5000
"191",16.282,0.568950086,85.14194336,3.765832379,91.64147991,1.851849998,97.3160044,72784,1,182.2733538,128.9217367656,48.7,0.6777,0.334,3.7615,3.641,1.0948,12.1893,22.6098,34.6138,0.7513,4.3587,99.7256,1.9229,13.4019,4.9923,0.6513,0.0997,20.4909,0.7093,1.8472,7.13,44.4069093,47.00177,2.37379078,1.1784e+11,90,87,87,88,86,7,0,0,0,0,11,1700
"192",237.838,2.981318636,64.04283544,6.603516208,76.39963792,3.086702344,81.38594528,22380,100,2469.851757,1981.84,84.8,0.98,0.02,5.63,4.11,1.1935,8.87,14.72,24.35,1.96,10.43,64.02,0.28,11.54,4.14,0.94,0.15,15.2,0.89,6.63,11,773.558081096,366.23938,6.26497638,15225800000,98,97,99,97,99,1,0,585,9,0,0.4,39
"193",127.7736,2.83143339989,70.7183467461,15.00528772553,81.7228467889,9.10930382599,93.2867741536,52153.07,54.094,457.9349295,448.1,53.8,0.4124,0.1771,3.7423,3.4719,1.2149,7.6942,15.7477,28.9055,0.7131,4.0171,71.2765,2.6085,12.7648,4.8418,0.6335,0.1596,16.2839,0.7177,2.6543,7.99,416.1641708,11.266529,12.43375206,9.32e+09,70,78,72,71,91,0,0,0,0,0,14,14
